[0.049612920731306076, -0.1740722805261612, -0.9840074181556702, 0.03181537240743637, -0.10679352283477783, -3.1652579307556152, 1594933672789.917]
[0.04926478862762451, -0.17398867011070251, -0.9838547706604004, 0.03535580635070801, -0.10671497136354446, -3.164290189743042, 1594933672866.844]
[0.0487893708050251, -0.17392785847187042, -0.9840046167373657, 0.034197546541690826, -0.10728564858436584, -3.164168119430542, 1594933672926.507]
[0.04829748347401619, -0.1738434135913849, -0.9822162389755249, 0.030797839164733887, -0.107264943420887, -3.1647114753723145, 1594933672996.731]
[0.04795628786087036, -0.1745653748512268, -0.9806811213493347, 0.03302941843867302, -0.1080070286989212, -3.1682608127593994, 1594933673199.801]
[0.04767709970474243, -0.17518486082553864, -0.9819023609161377, 0.031907595694065094, -0.10459069907665253, -3.1663694381713867, 1594933673208.4019]
[0.047528259456157684, -0.1754511147737503, -0.9800608158111572, 0.029672805219888687, -0.10562106966972351, -3.166923999786377, 1594933673334.734]
[0.0474553257226944, -0.175751194357872, -0.9812731146812439, 0.03087729960680008, -0.10609764605760574, -3.1661670207977295, 1594933673342.669]
[0.04757758975028992, -0.1757315844297409, -0.9813393354415894, 0.030690506100654602, -0.10468103736639023, -3.166501760482788, 1594933673403.035]
[0.0479632243514061, -0.1752048134803772, -0.9809459447860718, 0.031878065317869186, -0.10488194227218628, -3.1684935092926025, 1594933673472.692]
[0.04856198653578758, -0.17505408823490143, -0.9809339642524719, 0.03255162760615349, -0.1063629686832428, -3.168388605117798, 1594933673540.4028]
[0.04898825287818909, -0.1750987470149994, -0.9805792570114136, 0.034478843212127686, -0.1061435416340828, -3.1675474643707275, 1594933673606.938]
[0.049390342086553574, -0.17537565529346466, -0.9795423150062561, 0.03355952352285385, -0.10663818567991257, -3.1668128967285156, 1594933673676.687]
[0.05029573291540146, -0.1760498434305191, -0.9800965189933777, 0.029748955741524696, -0.10079161822795868, -3.1678202152252197, 1594933673684.968]
[0.05066566914319992, -0.17622685432434082, -0.9803263545036316, 0.03192867338657379, -0.1074410229921341, -3.168363571166992, 1594933673744.549]
[0.051323261111974716, -0.17660991847515106, -0.9825276732444763, 0.029557956382632256, -0.1045684963464737, -3.1683192253112793, 1594933673810.886]
[0.05194399133324623, -0.1771409809589386, -0.9837387204170227, 0.029313700273633003, -0.10031799972057343, -3.1639692783355713, 1594933673879.0022]
[0.04804835096001625, -0.1773209273815155, -0.9833359718322754, 0.028376273810863495, -0.09445865452289581, -3.161561965942383, 1594933673947.8591]
[0.04430708661675453, -0.17728200554847717, -0.9835216999053955, 0.03152847662568092, -0.09371218085289001, -3.1593194007873535, 1594933674016.53]
[0.043670326471328735, -0.17695815861225128, -0.9831481575965881, 0.03091300278902054, -0.0937148779630661, -3.1578381061553955, 1594933674081.503]
[0.04255099594593048, -0.1762380748987198, -0.9827197194099426, 0.032397590577602386, -0.08915960043668747, -3.153118133544922, 1594933674091.295]
[0.04240487515926361, -0.17619220912456512, -0.9838878512382507, 0.03015190176665783, -0.08777065575122833, -3.1514055728912354, 1594933674151.5469]
[0.0429827943444252, -0.1756385713815689, -0.9836635589599609, 0.03018815442919731, -0.08899988234043121, -3.1495473384857178, 1594933674159.6821]
[0.04354190081357956, -0.17544448375701904, -0.9846673011779785, 0.03381207585334778, -0.0848972424864769, -3.1492762565612793, 1594933674219.728]
[0.04649950936436653, -0.17570453882217407, -0.983224630355835, 0.030773311853408813, -0.0883839949965477, -3.1461145877838135, 1594933674288.441]
[0.04886128008365631, -0.17643587291240692, -0.9818140864372253, 0.033296339213848114, -0.08332448452711105, -3.1430416107177734, 1594933674560.163]
[0.05477384105324745, -0.17851392924785614, -0.983913004398346, 0.035177040845155716, -0.08061536401510239, -3.138617992401123, 1594933674625.416]
[0.05896634981036186, -0.1796383261680603, -0.9803589582443237, 0.035091131925582886, -0.08428160101175308, -3.1361629962921143, 1594933674762.461]
[0.06354562193155289, -0.18130269646644592, -0.9774375557899475, 0.032691024243831635, -0.07989226281642914, -3.131120204925537, 1594933674824.167]
[0.06608963757753372, -0.1819753646850586, -0.9771220088005066, 0.03341224789619446, -0.08072903007268906, -3.1263716220855713, 1594933674902.6401]
[0.07026663422584534, -0.1823040097951889, -0.9790292382240295, 0.03438111022114754, -0.08016841113567352, -3.126560926437378, 1594933674970.518]
[0.07190579921007156, -0.18202921748161316, -0.9791631102561951, 0.03564062342047691, -0.07741981744766235, -3.1252431869506836, 1594933675029.4148]
[0.07562429457902908, -0.1810484677553177, -0.9807077050209045, 0.03386383131146431, -0.07555102556943893, -3.126523733139038, 1594933675105.255]
[0.07928536087274551, -0.17950627207756042, -0.9796366691589355, 0.034093912690877914, -0.07550635188817978, -3.1270864009857178, 1594933675113.524]
[0.08398127555847168, -0.1780746728181839, -0.9790796637535095, 0.03383713960647583, -0.07336197048425674, -3.1279211044311523, 1594933675174.8708]
[0.08879566192626953, -0.17708417773246765, -0.9785894155502319, 0.033101435750722885, -0.07832549512386322, -3.126459836959839, 1594933675245.2878]
[0.091338150203228, -0.17664112150669098, -0.9764865636825562, 0.030979538336396217, -0.07372556626796722, -3.12593674659729, 1594933675253.533]
[0.09748324751853943, -0.1767919510602951, -0.9765695333480835, 0.03356415778398514, -0.06987422704696655, -3.1267945766448975, 1594933675382.3818]
[0.10367617011070251, -0.17707519233226776, -0.9731456637382507, 0.03186729550361633, -0.0732806995511055, -3.126605749130249, 1594933675392.561]
[0.10986190289258957, -0.17776896059513092, -0.9726365208625793, 0.032657451927661896, -0.07211568206548691, -3.126584053039551, 1594933675400.583]
[0.11588986217975616, -0.17828574776649475, -0.9711679220199585, 0.03279298171401024, -0.06761478632688522, -3.126737594604492, 1594933675453.45]
[0.11908383667469025, -0.1783478856086731, -0.9713444113731384, 0.03572089225053787, -0.0704614669084549, -3.1281511783599854, 1594933675522.772]
[0.12532421946525574, -0.1783847063779831, -0.972478985786438, 0.03400037810206413, -0.069539375603199, -3.129469633102417, 1594933675590.2542]
[0.128939688205719, -0.1780349612236023, -0.972897469997406, 0.03449835628271103, -0.0699654221534729, -3.1300652027130127, 1594933675598.669]
[0.13277457654476166, -0.17776022851467133, -0.9738200306892395, 0.030914943665266037, -0.07149829715490341, -3.13188099861145, 1594933675657.451]
[0.14032332599163055, -0.1762275993824005, -0.974465012550354, 0.032866206020116806, -0.07259476184844971, -3.1326730251312256, 1594933675698.4402]
[0.1471518725156784, -0.1742439568042755, -0.9740245938301086, 0.033310793340206146, -0.0747230127453804, -3.1304819583892822, 1594933675734.499]
[0.1509520262479782, -0.1734752058982849, -0.9757869243621826, 0.034824855625629425, -0.0747867077589035, -3.1318485736846924, 1594933675787.574]
[0.15749743580818176, -0.1712997704744339, -0.9744037389755249, 0.03674621134996414, -0.07786727696657181, -3.130445957183838, 1594933675835.403]
[0.16079095005989075, -0.17047426104545593, -0.9747973680496216, 0.03366565704345703, -0.07569587230682373, -3.1288094520568848, 1594933675887.44]
[0.16743485629558563, -0.16876041889190674, -0.9728836417198181, 0.034331321716308594, -0.07651341706514359, -3.128722906112671, 1594933675939.493]
[0.1713458001613617, -0.16776786744594574, -0.9738568663597107, 0.034078825265169144, -0.0779821053147316, -3.1309149265289307, 1594933675990.3928]
[0.18174706399440765, -0.16390976309776306, -0.9723348021507263, 0.03289119899272919, -0.08005420118570328, -3.13002610206604, 1594933676037.323]
[0.19150470197200775, -0.16036862134933472, -0.9703369140625, 0.03069133311510086, -0.08350897580385208, -3.1329314708709717, 1594933676136.996]
[0.1960650384426117, -0.15866225957870483, -0.9701836705207825, 0.034507136791944504, -0.08733918517827988, -3.1307599544525146, 1594933676187.977]
[0.20444191992282867, -0.15548983216285706, -0.9731025099754333, 0.03613417595624924, -0.08599183708429337, -3.130312204360962, 1594933676237.942]
[0.20797038078308105, -0.15429545938968658, -0.9731653928756714, 0.03586013987660408, -0.08920083940029144, -3.128457546234131, 1594933676312.05]
[0.2154727578163147, -0.15187248587608337, -0.9736817479133606, 0.036608271300792694, -0.08907868713140488, -3.1290483474731445, 1594933676349.0142]
[0.22302021086215973, -0.14941106736660004, -0.9738412499427795, 0.03607724606990814, -0.08964268863201141, -3.1293821334838867, 1594933676398.0652]
[0.2302408069372177, -0.1473969966173172, -0.974965512752533, 0.03605707734823227, -0.09241646528244019, -3.1271321773529053, 1594933676448.904]
[0.24039581418037415, -0.14356251060962677, -0.974553644657135, 0.036106619983911514, -0.0937175527215004, -3.1272523403167725, 1594933676561.041]
[0.24685145914554596, -0.14119859039783478, -0.9752538800239563, 0.03361375257372856, -0.09383668005466461, -3.125, 1594933676654.13]
[0.25619566440582275, -0.13412383198738098, -0.9816023707389832, 0.0405336394906044, -0.09157006442546844, -3.1249985694885254, 1594933676703.874]
[0.2583506405353546, -0.1275869905948639, -0.9818680882453918, 0.04206392168998718, -0.09052608907222748, -3.1244442462921143, 1594933676809.29]
[0.2619069218635559, -0.12156705558300018, -0.9780070185661316, 0.04742313176393509, -0.09481741487979889, -3.1241979598999023, 1594933676885.111]
[0.2680053412914276, -0.1131913885474205, -0.9793272614479065, 0.046886999160051346, -0.0922948345541954, -3.119257926940918, 1594933676943.813]
[0.26918667554855347, -0.11012781411409378, -0.9769899845123291, 0.05221802741289139, -0.09296661615371704, -3.1194801330566406, 1594933677012.799]
[0.27303454279899597, -0.10451074689626694, -0.9768396615982056, 0.051365748047828674, -0.09523273259401321, -3.117259979248047, 1594933677078.767]
[0.27670881152153015, -0.09876860678195953, -0.9762706756591797, 0.05170183256268501, -0.09397899359464645, -3.1173808574676514, 1594933677212.644]
[0.281584233045578, -0.08984249085187912, -0.9750611782073975, 0.05297573655843735, -0.09114226698875427, -3.1166253089904785, 1594933677281.7021]
[0.28359460830688477, -0.08381474763154984, -0.9729974269866943, 0.05538981780409813, -0.09098783135414124, -3.112962245941162, 1594933677349.493]
[0.28537559509277344, -0.077874094247818, -0.9721898436546326, 0.05589500069618225, -0.09293465316295624, -3.109649658203125, 1594933677417.6719]
[0.28614509105682373, -0.07511353492736816, -0.9715641140937805, 0.05339048430323601, -0.09256452322006226, -3.1081552505493164, 1594933677425.6948]
[0.2869841754436493, -0.07109861075878143, -0.9665943384170532, 0.051997147500514984, -0.09262923896312714, -3.1078944206237793, 1594933677485.809]
[0.2884003221988678, -0.07052741199731827, -0.9648362994194031, 0.04841022565960884, -0.09568112343549728, -3.113283634185791, 1594933677544.6082]
[0.29334384202957153, -0.06698349863290787, -0.9694779515266418, 0.04504256695508957, -0.09362343698740005, -3.1223623752593994, 1594933677552.9438]
[0.29470568895339966, -0.06354724615812302, -0.9709427356719971, 0.042543720453977585, -0.09252367913722992, -3.1234607696533203, 1594933677619.586]
[0.29650387167930603, -0.0578475184738636, -0.9717555642127991, 0.04473168030381203, -0.09166719764471054, -3.125077962875366, 1594933677687.69]
[0.29685935378074646, -0.05571281537413597, -0.9713788032531738, 0.042866695672273636, -0.09420425444841385, -3.121877908706665, 1594933677695.888]
[0.29757508635520935, -0.05213281512260437, -0.9718315601348877, 0.04223768785595894, -0.09359881281852722, -3.1192710399627686, 1594933677755.058]
[0.2980707287788391, -0.05016610398888588, -0.9725640416145325, 0.0439462810754776, -0.09401486068964005, -3.1183362007141113, 1594933677821.798]
[0.2991105020046234, -0.046150777488946915, -0.9730908274650574, 0.04297344386577606, -0.09343229234218597, -3.117706537246704, 1594933677889.645]
[0.29939866065979004, -0.04425172135233879, -0.9736575484275818, 0.041875142604112625, -0.09403908997774124, -3.1174628734588623, 1594933677960.854]
[0.30027127265930176, -0.038881752640008926, -0.9761254191398621, 0.040517352521419525, -0.09517044574022293, -3.115626096725464, 1594933677968.5881]
[0.3000088632106781, -0.03329472988843918, -0.9766544103622437, 0.04133150354027748, -0.09275157749652863, -3.1143975257873535, 1594933678095.5059]
[0.2997734844684601, -0.02951204404234886, -0.9778411388397217, 0.040846288204193115, -0.0930585190653801, -3.110722780227661, 1594933678229.501]
[0.3001291751861572, -0.020650049671530724, -0.9809733033180237, 0.04265239089727402, -0.09159374237060547, -3.1053054332733154, 1594933678366.4082]
[0.29968592524528503, -0.016074713319540024, -0.9802464246749878, 0.03742549940943718, -0.09231849014759064, -3.1004695892333984, 1594933678442.909]
[0.29969286918640137, -0.013825399801135063, -0.9806994199752808, 0.03896038606762886, -0.09262432903051376, -3.098708152770996, 1594933678506.4749]
[0.30010899901390076, -0.009415743872523308, -0.9820812940597534, 0.037185367196798325, -0.09098051488399506, -3.0960171222686768, 1594933678514.073]
[0.3001716136932373, -0.0021414398215711117, -0.9811846613883972, 0.036720745265483856, -0.09309191256761551, -3.095381021499634, 1594933678636.861]
[0.2985202372074127, 0.008124054409563541, -0.9827549457550049, 0.03617960214614868, -0.0906149223446846, -3.0921146869659424, 1594933678780.2761]
[0.29717594385147095, 0.013537909835577011, -0.9832091927528381, 0.035938624292612076, -0.0870281383395195, -3.0900344848632812, 1594933678914.4758]
[0.2966535985469818, 0.01617807149887085, -0.9837920069694519, 0.03869299218058586, -0.08380585163831711, -3.090061902999878, 1594933678923.156]
[0.295450359582901, 0.021378668025135994, -0.984002947807312, 0.03685058653354645, -0.08284672349691391, -3.0871381759643555, 1594933678984.252]
[0.294024258852005, 0.02632896602153778, -0.982621967792511, 0.03901071846485138, -0.08028034120798111, -3.0838513374328613, 1594933679114.9968]
[0.2930510640144348, 0.034004878252744675, -0.9833936095237732, 0.03869684413075447, -0.07753361761569977, -3.081329107284546, 1594933679258.2349]
[0.2921794056892395, 0.039016999304294586, -0.9827428460121155, 0.03895266726613045, -0.08169600367546082, -3.0798447132110596, 1594933679389.967]
[0.29107776284217834, 0.04960905760526657, -0.9841322898864746, 0.03893691673874855, -0.07919291406869888, -3.080150842666626, 1594933679399.028]
[0.2902764678001404, 0.052450913935899734, -0.9823309779167175, 0.038581278175115585, -0.07468681037425995, -3.08188796043396, 1594933679463.824]
[0.2893593907356262, 0.05782327800989151, -0.982357382774353, 0.03816165030002594, -0.07509159296751022, -3.0841236114501953, 1594933679593.976]
[0.2893807888031006, 0.06052853539586067, -0.9832101464271545, 0.040583137422800064, -0.07666870206594467, -3.0862109661102295, 1594933679603.08]
[0.28876379132270813, 0.06521178036928177, -0.9836816787719727, 0.03904236853122711, -0.0735769122838974, -3.0866870880126953, 1594933679611.0898]
[0.2881159484386444, 0.06998644024133682, -0.9833404421806335, 0.041015125811100006, -0.07348085939884186, -3.08981990814209, 1594933679618.877]
[0.2875957190990448, 0.07465288788080215, -0.9835456609725952, 0.039711613208055496, -0.07380857318639755, -3.0889432430267334, 1594933679804.2969]
[0.2870100736618042, 0.07928955554962158, -0.9833386540412903, 0.043192796409130096, -0.07488759607076645, -3.0854015350341797, 1594933679812.87]
[0.2865500748157501, 0.08688680827617645, -0.984484076499939, 0.040105197578668594, -0.0726705938577652, -3.0808651447296143, 1594933679821.452]
[0.28617003560066223, 0.08962565660476685, -0.9841143488883972, 0.044223371893167496, -0.07231873273849487, -3.0810954570770264, 1594933679932.194]
[0.2850925624370575, 0.09799697250127792, -0.983578085899353, 0.038650259375572205, -0.07243665307760239, -3.0793354511260986, 1594933679949.037]
[0.2835492789745331, 0.1037926971912384, -0.9841660857200623, 0.04057971015572548, -0.07149619609117508, -3.0759475231170654, 1594933679958.052]
[0.28229600191116333, 0.10606501996517181, -0.9825842380523682, 0.04089291766285896, -0.07315891236066818, -3.0740978717803955, 1594933680070.168]
[0.28173092007637024, 0.10882148146629333, -0.9828735589981079, 0.038877151906490326, -0.070119708776474, -3.072600841522217, 1594933680079.01]
[0.2795999348163605, 0.1147613376379013, -0.9816176891326904, 0.04554594308137894, -0.07068956643342972, -3.0750484466552734, 1594933680142.979]
[0.27910858392715454, 0.117984838783741, -0.9823185205459595, 0.044950418174266815, -0.0703844428062439, -3.0744025707244873, 1594933680211.0342]
[0.27708885073661804, 0.12372314184904099, -0.9813828468322754, 0.042443566024303436, -0.07111514359712601, -3.076340675354004, 1594933680341.778]
[0.27517473697662354, 0.1289585530757904, -0.9806904792785645, 0.0478452667593956, -0.06777964532375336, -3.076153039932251, 1594933680350.527]
[0.27414414286613464, 0.1316307634115219, -0.9805554747581482, 0.047727517783641815, -0.06885934621095657, -3.0773062705993652, 1594933680417.164]
[0.2733232378959656, 0.13437357544898987, -0.9808676838874817, 0.04568945989012718, -0.06868255138397217, -3.078871011734009, 1594933680424.651]
[0.2701243460178375, 0.14209745824337006, -0.9806391000747681, 0.05126279965043068, -0.06892091780900955, -3.0776426792144775, 1594933680484.862]
[0.26824620366096497, 0.1473701447248459, -0.9818819761276245, 0.049632634967565536, -0.06898868829011917, -3.076517105102539, 1594933680552.8418]
[0.2659624218940735, 0.15248866379261017, -0.9814769625663757, 0.051188595592975616, -0.06785810738801956, -3.077321767807007, 1594933680560.812]
[0.26513901352882385, 0.15508942306041718, -0.98270183801651, 0.05150347203016281, -0.06768596917390823, -3.075847625732422, 1594933680623.314]
[0.26373764872550964, 0.15737463533878326, -0.9813997745513916, 0.0497644804418087, -0.06781191378831863, -3.074718713760376, 1594933680692.824]
[0.26139187812805176, 0.16205784678459167, -0.9818866848945618, 0.05293050780892372, -0.06164063140749931, -3.0762288570404053, 1594933680700.4941]
[0.25999459624290466, 0.1638355404138565, -0.9806967973709106, 0.05048410966992378, -0.06643334031105042, -3.072345495223999, 1594933680761.429]
[0.257599800825119, 0.1680692732334137, -0.9807531237602234, 0.05348633974790573, -0.06636758893728256, -3.071812868118286, 1594933680838.798]
[0.25671565532684326, 0.17024767398834229, -0.9815211892127991, 0.0549476183950901, -0.06325984001159668, -3.0729525089263916, 1594933680908.7542]
[0.2538267970085144, 0.1754339635372162, -0.9809620380401611, 0.05402752012014389, -0.06506675481796265, -3.072406053543091, 1594933680978.073]
[0.2517205476760864, 0.17796015739440918, -0.979226291179657, 0.05644693970680237, -0.0672624483704567, -3.070038080215454, 1594933681055.408]
[0.24851131439208984, 0.18157243728637695, -0.9796856641769409, 0.056102823466062546, -0.06246146932244301, -3.067798376083374, 1594933681122.532]
[0.24433882534503937, 0.18430249392986298, -0.9777165651321411, 0.05630332604050636, -0.06576412916183472, -3.065812349319458, 1594933681190.064]
[0.24249862134456635, 0.18663986027240753, -0.9794704914093018, 0.05611221864819527, -0.06425020843744278, -3.0637927055358887, 1594933681249.464]
[0.2412581592798233, 0.18785764276981354, -0.9793667197227478, 0.05955745652318001, -0.061035070568323135, -3.06378173828125, 1594933681315.771]
[0.23931171000003815, 0.1904323846101761, -0.9799994826316833, 0.059837017208337784, -0.06554888188838959, -3.0608625411987305, 1594933681324.761]
[0.23520180583000183, 0.19502365589141846, -0.9819817543029785, 0.060357797890901566, -0.06142044812440872, -3.0544652938842773, 1594933681452.933]
[0.23167911171913147, 0.19792649149894714, -0.9804726243019104, 0.05969446897506714, -0.06283825635910034, -3.051832914352417, 1594933681526.654]
[0.22843217849731445, 0.20090451836585999, -0.9800798296928406, 0.060041554272174835, -0.06199115142226219, -3.0468904972076416, 1594933681587.7349]
[0.2246883511543274, 0.20504941046237946, -0.9818601608276367, 0.060390304774045944, -0.060875311493873596, -3.050635576248169, 1594933681595.347]
[0.2205883413553238, 0.20893731713294983, -0.9813437461853027, 0.0635894387960434, -0.06294777244329453, -3.0522284507751465, 1594933681654.551]
[0.21554657816886902, 0.21287405490875244, -0.9812829494476318, 0.06012323498725891, -0.060956958681344986, -3.056943655014038, 1594933681790.656]
[0.21290530264377594, 0.21494288742542267, -0.9816771149635315, 0.06405718624591827, -0.056355711072683334, -3.060589075088501, 1594933681798.712]
[0.2081390619277954, 0.2191764861345291, -0.984480619430542, 0.06307367980480194, -0.05774183198809624, -3.0644760131835938, 1594933681856.554]
[0.20358720421791077, 0.22220970690250397, -0.9819017648696899, 0.06281276047229767, -0.06170351058244705, -3.0593011379241943, 1594933681924.533]
[0.2019752413034439, 0.22373518347740173, -0.9827505946159363, 0.06035764142870903, -0.060480888932943344, -3.0564703941345215, 1594933681991.585]
[0.19755835831165314, 0.22805872559547424, -0.9840282797813416, 0.060719676315784454, -0.06111042574048042, -3.0552783012390137, 1594933682061.4841]
[0.19205498695373535, 0.23217079043388367, -0.9824986457824707, 0.058835167437791824, -0.06522493064403534, -3.0549979209899902, 1594933682069.203]
[0.1868147850036621, 0.23652009665966034, -0.983169436454773, 0.061026062816381454, -0.06159086152911186, -3.055946111679077, 1594933682208.509]
[0.18403679132461548, 0.23786349594593048, -0.9815791249275208, 0.06043365225195885, -0.0603170171380043, -3.05570387840271, 1594933682216.1292]
[0.17223931849002838, 0.24602431058883667, -0.9801371693611145, 0.06465378403663635, -0.06428179144859314, -3.051556348800659, 1594933682344.458]
[0.1707650125026703, 0.2504597008228302, -0.9814386367797852, 0.06796706467866898, -0.06289096176624298, -3.048262357711792, 1594933682412.4219]
[0.16415314376354218, 0.26511359214782715, -0.9825614094734192, 0.0756431296467781, -0.06317153573036194, -3.0431690216064453, 1594933682480.529]
[0.15780675411224365, 0.27128866314888, -0.9838228821754456, 0.07677628099918365, -0.06261324882507324, -3.042048454284668, 1594933682619.4429]
[0.15565326809883118, 0.2733648419380188, -0.9853677153587341, 0.07864536345005035, -0.0618172362446785, -3.0432960987091064, 1594933682627.3179]
[0.1502259075641632, 0.27586591243743896, -0.9838365316390991, 0.0769209936261177, -0.06384733319282532, -3.042342185974121, 1594933682753.4338]
[0.144723579287529, 0.27876192331314087, -0.9838235378265381, 0.07783287763595581, -0.06445829570293427, -3.043229579925537, 1594933682821.313]
[0.1397428810596466, 0.2819209694862366, -0.9837894439697266, 0.08021541684865952, -0.06167634204030037, -3.0431010723114014, 1594933682829.292]
[0.1341109424829483, 0.28570446372032166, -0.984717845916748, 0.08221118897199631, -0.06266147643327713, -3.045140504837036, 1594933682955.697]
[0.12803401052951813, 0.28831472992897034, -0.9824770092964172, 0.08110886067152023, -0.06735727936029434, -3.048907518386841, 1594933683022.888]
[0.12191860377788544, 0.29059749841690063, -0.9814054369926453, 0.0835789144039154, -0.0646115243434906, -3.050438404083252, 1594933683091.037]
[0.11543308198451996, 0.2933003306388855, -0.9849708676338196, 0.0846303328871727, -0.06416284292936325, -3.050297975540161, 1594933683153.9841]
[0.11229345947504044, 0.2939165234565735, -0.9851515293121338, 0.08671800047159195, -0.061098311096429825, -3.0504913330078125, 1594933683180.865]
[0.10457050055265427, 0.29655274748802185, -0.9928898811340332, 0.08526815474033356, -0.05992073565721512, -3.0374648571014404, 1594933683228.272]
[0.09916086494922638, 0.2939908504486084, -0.9914437532424927, 0.08234968781471252, -0.061330586671829224, -3.0311996936798096, 1594933683285.26]
[0.09662962704896927, 0.29395923018455505, -0.9963670372962952, 0.08130654692649841, -0.06119993329048157, -3.0297837257385254, 1594933683334.056]
[0.09183550626039505, 0.2931443750858307, -0.9966666102409363, 0.07774218916893005, -0.061332475394010544, -3.0241527557373047, 1594933683380.196]
[0.08508104085922241, 0.2941466271877289, -0.9978432059288025, 0.07759381830692291, -0.06406785547733307, -3.0186898708343506, 1594933683478.379]
[0.08243975788354874, 0.2946453094482422, -0.9980063438415527, 0.07795242220163345, -0.06235238164663315, -3.018587589263916, 1594933683536.686]
[0.07686103880405426, 0.29580825567245483, -0.9987604022026062, 0.0763348788022995, -0.06524604558944702, -3.016737222671509, 1594933683632.1199]
[0.07370523363351822, 0.29614678025245667, -0.9977588057518005, 0.0762251615524292, -0.06543480604887009, -3.018622398376465, 1594933683675.028]
[0.06618522107601166, 0.29752710461616516, -0.9998925924301147, 0.0755346417427063, -0.06627922505140305, -3.0183277130126953, 1594933683727.136]
[0.06266599893569946, 0.2984989881515503, -1.001391887664795, 0.072096087038517, -0.0645228698849678, -3.016281843185425, 1594933683777.085]
[0.06069622561335564, 0.2984021008014679, -1.000390648841858, 0.07252074778079987, -0.06527683138847351, -3.0132946968078613, 1594933683827.008]
[0.057310428470373154, 0.2980606257915497, -1.0009026527404785, 0.07201103866100311, -0.06584268063306808, -3.014646053314209, 1594933683876.996]
[0.05026986449956894, 0.29476436972618103, -1.0028795003890991, 0.0661325678229332, -0.0654449537396431, -3.0170481204986572, 1594933683927.0771]
[0.04410361126065254, 0.29259294271469116, -1.0024018287658691, 0.0661582425236702, -0.06372979283332825, -3.0162038803100586, 1594933683978.031]
[0.040729448199272156, 0.28900066018104553, -1.0041916370391846, 0.06249251589179039, -0.06277088820934296, -3.0177273750305176, 1594933684030.0168]
[0.03642190620303154, 0.2889373004436493, -1.008089542388916, 0.05744468793272972, -0.06373758614063263, -3.012734889984131, 1594933684170.007]
[0.03230559080839157, 0.28828561305999756, -1.006709098815918, 0.0601932667195797, -0.062004201114177704, -3.0037684440612793, 1594933684238.932]
[0.02636870928108692, 0.28697535395622253, -1.0047425031661987, 0.057112786918878555, -0.06233534589409828, -3.0000741481781006, 1594933684305.187]
[0.023044105619192123, 0.2865821123123169, -1.0037258863449097, 0.054894011467695236, -0.06111374497413635, -3.000869035720825, 1594933684441.8281]
[0.009029820561408997, 0.28356119990348816, -0.9991183280944824, 0.053934574127197266, -0.06110693886876106, -2.9996397495269775, 1594933684575.794]
[0.0023694883566349745, 0.2827065885066986, -0.9991305470466614, 0.05434294044971466, -0.05915240943431854, -3.003099203109741, 1594933684644.746]
[-0.006392282899469137, 0.2813047170639038, -0.9982720017433167, 0.054339174181222916, -0.059084270149469376, -3.00433087348938, 1594933684713.368]
[-0.01707388646900654, 0.27880436182022095, -1.0003635883331299, 0.05532650649547577, -0.06047329679131508, -3.0118327140808105, 1594933684847.648]
[-0.01956404745578766, 0.2784164249897003, -1.001376986503601, 0.056356266140937805, -0.06111973151564598, -3.010735273361206, 1594933684925.7842]
[-0.02421383745968342, 0.2776890695095062, -1.0018088817596436, 0.05577674135565758, -0.061639927327632904, -3.008666515350342, 1594933685055.799]
[-0.026658952236175537, 0.2775318920612335, -1.0019956827163696, 0.056049808859825134, -0.06555956602096558, -3.009263515472412, 1594933685125.023]
[-0.032598163932561874, 0.27669209241867065, -1.000893235206604, 0.056776583194732666, -0.06794030964374542, -3.0123214721679688, 1594933685134.014]
[-0.03636087104678154, 0.27703386545181274, -1.0030608177185059, 0.05513515695929527, -0.06461220979690552, -3.0172312259674072, 1594933685193.944]
[-0.04356124624609947, 0.27679014205932617, -1.003793478012085, 0.05549340322613716, -0.06866411864757538, -3.026853322982788, 1594933685268.9468]
[-0.05514588579535484, 0.2760840356349945, -1.0091415643692017, 0.055869631469249725, -0.06649426370859146, -3.0483522415161133, 1594933685402.57]
[-0.06468776613473892, 0.27239686250686646, -1.0073797702789307, 0.060305360704660416, -0.06810640543699265, -3.0532422065734863, 1594933685533.2798]
[-0.06832890212535858, 0.26891738176345825, -1.0065598487854004, 0.059811633080244064, -0.06707942485809326, -3.056365489959717, 1594933685602.521]
[-0.07135254144668579, 0.2655308246612549, -1.0061872005462646, 0.06083029881119728, -0.06703480333089828, -3.055354356765747, 1594933685610.229]
[-0.07296541333198547, 0.26361653208732605, -1.006199836730957, 0.06169156730175018, -0.0683080404996872, -3.05690336227417, 1594933685672.565]
[-0.07636910676956177, 0.2597770690917969, -1.0044307708740234, 0.06203563138842583, -0.07111069560050964, -3.057730197906494, 1594933685740.649]
[-0.08135798573493958, 0.2552655339241028, -1.0047072172164917, 0.06374523043632507, -0.06666465848684311, -3.0599982738494873, 1594933685810.489]
[-0.08782640099525452, 0.25204339623451233, -1.0071128606796265, 0.062230128794908524, -0.06473404914140701, -3.052816867828369, 1594933685876.386]
[-0.09478525072336197, 0.2501198649406433, -1.0051732063293457, 0.06271533668041229, -0.05901891365647316, -3.0509750843048096, 1594933685884.068]
[-0.09842922538518906, 0.24880895018577576, -1.0055896043777466, 0.0643932893872261, -0.06276264786720276, -3.050323486328125, 1594933685956.5571]
[-0.10350530594587326, 0.24752338230609894, -1.0050100088119507, 0.06498008966445923, -0.059536632150411606, -3.0528194904327393, 1594933686025.439]
[-0.10649625957012177, 0.24727043509483337, -1.0071481466293335, 0.06269363313913345, -0.059346962720155716, -3.0507047176361084, 1594933686088.4932]
[-0.11075721681118011, 0.2468423694372177, -1.0081850290298462, 0.061579495668411255, -0.05538885295391083, -3.0476863384246826, 1594933686159.426]
[-0.11348377168178558, 0.24618983268737793, -1.0095874071121216, 0.061831943690776825, -0.056238967925310135, -3.0484836101531982, 1594933686227.378]
[-0.1178472489118576, 0.2433740496635437, -1.0064990520477295, 0.06346847116947174, -0.05390721186995506, -3.0505285263061523, 1594933686235.563]
[-0.12494092434644699, 0.23720328509807587, -1.002124309539795, 0.0637630969285965, -0.05237872898578644, -3.0537476539611816, 1594933686303.8682]
[-0.13037213683128357, 0.23233112692832947, -1.0001540184020996, 0.06489654630422592, -0.05339349806308746, -3.0592339038848877, 1594933686364.355]
[-0.135716050863266, 0.22737950086593628, -0.9992458820343018, 0.06253990530967712, -0.04798362776637077, -3.0633649826049805, 1594933686435.3]
[-0.14072051644325256, 0.2226828783750534, -0.9991922378540039, 0.06315357238054276, -0.04928028583526611, -3.065646171569824, 1594933686570.325]
[-0.1490531861782074, 0.21449247002601624, -0.9983577132225037, 0.062060996890068054, -0.0487682931125164, -3.070983648300171, 1594933686706.458]
[-0.15775537490844727, 0.20487289130687714, -0.9975118637084961, 0.06460066884756088, -0.044102393090724945, -3.0736308097839355, 1594933686843.241]
[-0.16732431948184967, 0.19217905402183533, -0.9971556067466736, 0.06566283851861954, -0.03912961483001709, -3.0816853046417236, 1594933686976.1702]
[-0.17296822369098663, 0.17942604422569275, -0.994562029838562, 0.06319885700941086, -0.0339718721807003, -3.0845327377319336, 1594933687114.1812]
[-0.17296822369098663, 0.17942604422569275, -0.994562029838562, 0.06319918483495712, -0.03397180140018463, -3.0845327377319336, 1594933687182.159]
[-0.1776464283466339, 0.16577577590942383, -0.9965446591377258, 0.06390813738107681, -0.03282810002565384, -3.092543125152588, 1594933687260.08]
[-0.1815815418958664, 0.153086319565773, -0.9974703192710876, 0.061526693403720856, -0.02836650237441063, -3.1007001399993896, 1594933687338.1108]
[-0.18680325150489807, 0.13200601935386658, -1.0005818605422974, 0.04909423366189003, -0.026283949613571167, -3.1001389026641846, 1594933687405.134]
[-0.18892639875411987, 0.12300743162631989, -1.0004456043243408, 0.0442865826189518, -0.02589157037436962, -3.1038031578063965, 1594933687477.4429]
[-0.18986308574676514, 0.11863144487142563, -1.0006927251815796, 0.045248232781887054, -0.023427380248904228, -3.104503631591797, 1594933687542.206]
[-0.1927102953195572, 0.10447661578655243, -1.0035390853881836, 0.04297001659870148, -0.022109558805823326, -3.1103439331054688, 1594933687626.7769]
[-0.1947162002325058, 0.08194338530302048, -1.0018764734268188, 0.03372403234243393, -0.02170429565012455, -3.121272563934326, 1594933687684.126]
[-0.19671785831451416, 0.06617175787687302, -1.0037713050842285, 0.030494848266243935, -0.018711263313889503, -3.1251652240753174, 1594933687758.9]
[-0.19733558595180511, 0.058938901871442795, -1.0032182931900024, 0.02716835029423237, -0.01761450245976448, -3.1262829303741455, 1594933687766.047]
[-0.19815415143966675, 0.04833272844552994, -1.0030268430709839, 0.023094292730093002, -0.015478183515369892, -3.1277997493743896, 1594933687956.387]
[-0.1977282017469406, 0.04517210274934769, -1.0009348392486572, 0.02477410063147545, -0.02119014412164688, -3.1256518363952637, 1594933688022.443]
[-0.1969836950302124, 0.034303005784749985, -1.0017850399017334, 0.021210594102740288, -0.015811018645763397, -3.1251590251922607, 1594933688161.864]
[-0.1969836950302124, 0.034303005784749985, -1.0017850399017334, 0.021210530772805214, -0.015810750424861908, -3.1251590251922607, 1594933688169.577]
[-0.19413793087005615, 0.015397628769278526, -1.000955581665039, 0.018405452370643616, -0.016948621720075607, -3.1216087341308594, 1594933688231.863]
[-0.19357402622699738, 0.004286972340196371, -1.0042074918746948, 0.01895304210484028, -0.01577746495604515, -3.1165895462036133, 1594933688239.533]
[-0.1928408443927765, 0.0006183488294482231, -1.0030092000961304, 0.017617246136069298, -0.01725645922124386, -3.1171014308929443, 1594933688366.814]
[-0.189998060464859, -0.018439246341586113, -1.0024493932724, 0.01839488185942173, -0.02185332402586937, -3.116574287414551, 1594933688583.728]
[-0.18826931715011597, -0.032206978648900986, -1.0032172203063965, 0.013931315392255783, -0.02480735071003437, -3.1307129859924316, 1594933688591.4421]
[-0.18630285561084747, -0.04468006268143654, -1.0021628141403198, 0.014178774319589138, -0.025840217247605324, -3.1392884254455566, 1594933688717.839]
[-0.18230481445789337, -0.051724087446928024, -0.9995006322860718, 0.012129414826631546, -0.032985933125019073, -3.140178918838501, 1594933688785.811]
[-0.18205955624580383, -0.05886978656053543, -0.9985189437866211, 0.010050025768578053, -0.030194615945219994, -3.142620086669922, 1594933688853.6638]
[-0.1815817952156067, -0.06696376949548721, -0.9968608617782593, 0.011310138739645481, -0.031060468405485153, -3.1404223442077637, 1594933688990.696]
[-0.1815817952156067, -0.06696376949548721, -0.9968608617782593, 0.011310159228742123, -0.031060466542840004, -3.1404223442077637, 1594933688998.44]
[-0.17754724621772766, -0.07688428461551666, -0.9937606453895569, 0.01005539484322071, -0.03806643933057785, -3.1284918785095215, 1594933689057.689]
[-0.17579296231269836, -0.08271540701389313, -0.9946538209915161, 0.007168069947510958, -0.03667989745736122, -3.1264469623565674, 1594933689193.6099]
[-0.172812357544899, -0.09134526550769806, -0.9927666187286377, 0.005699788685888052, -0.037411659955978394, -3.125474691390991, 1594933689201.339]
[-0.16959920525550842, -0.09877241402864456, -0.9903876781463623, 0.006163647398352623, -0.037143122404813766, -3.129793643951416, 1594933689260.612]
[-0.16247691214084625, -0.1147998720407486, -0.9890128374099731, 0.008370306342840195, -0.04038365185260773, -3.136962890625, 1594933689465.519]
[-0.16247691214084625, -0.1147998720407486, -0.9890128374099731, 0.00837035197764635, -0.04038359224796295, -3.136962890625, 1594933689536.5168]
[-0.1531696766614914, -0.13203401863574982, -0.9897937178611755, 0.0077311210334300995, -0.04128396138548851, -3.1447882652282715, 1594933689544.1958]
[-0.15051381289958954, -0.13785621523857117, -0.9861334562301636, 0.005531361326575279, -0.03964623063802719, -3.1360538005828857, 1594933689742.436]
[-0.14641273021697998, -0.14384321868419647, -0.982161283493042, 0.006275770254433155, -0.03815557435154915, -3.1339447498321533, 1594933689820.4082]
[-0.14422015845775604, -0.14563007652759552, -0.9788439273834229, 0.004397404845803976, -0.04016122967004776, -3.135934829711914, 1594933689890.6719]
[-0.13745030760765076, -0.15242232382297516, -0.9744183421134949, 0.00360883423127234, -0.04013201594352722, -3.1384410858154297, 1594933689899.387]
[-0.134307861328125, -0.15535764396190643, -0.9730308651924133, 0.0038280445151031017, -0.04334304481744766, -3.1426875591278076, 1594933689956.571]
[-0.12323051691055298, -0.16605611145496368, -0.9711399078369141, 0.003473613876849413, -0.04212374985218048, -3.1543753147125244, 1594933690164.666]
[-0.12080191820859909, -0.16870658099651337, -0.9711617231369019, 0.0034139312338083982, -0.04001786187291145, -3.1568851470947266, 1594933690225.569]
[-0.10718277096748352, -0.18159115314483643, -0.9616208672523499, 0.001348821446299553, -0.04434549808502197, -3.1619863510131836, 1594933690363.415]
[-0.10718277096748352, -0.18159113824367523, -0.9616208672523499, 0.0013488479889929295, -0.04434527829289436, -3.1619863510131836, 1594933690430.2869]
[-0.08566957712173462, -0.2009112536907196, -0.9547857046127319, -0.0020164824090898037, -0.029944688081741333, -3.1662168502807617, 1594933690598.519]
[-0.08558234572410583, -0.2043028473854065, -0.9572351574897766, -0.009235630743205547, -0.024409139528870583, -3.1659016609191895, 1594933690650.276]
[-0.08431297540664673, -0.20504306256771088, -0.9568092226982117, -0.009324361570179462, -0.025152144953608513, -3.1660315990448, 1594933690708.4429]
[-0.08217665553092957, -0.20655672252178192, -0.9559263586997986, -0.009717046283185482, -0.02081507258117199, -3.1633729934692383, 1594933690810.071]
[-0.08205371350049973, -0.20754112303256989, -0.9575331211090088, -0.006981013808399439, -0.018346013501286507, -3.1608190536499023, 1594933690862.2798]
[-0.07921145111322403, -0.21056391298770905, -0.9554824233055115, -0.006542180199176073, -0.012532079592347145, -3.161777973175049, 1594933690913.434]
[-0.07658718526363373, -0.2135370522737503, -0.9547772407531738, -0.0073211584240198135, -0.009999955072999, -3.1634109020233154, 1594933691020.196]
[-0.0722518265247345, -0.2170107513666153, -0.9541880488395691, -0.0065992665477097034, -0.005257622804492712, -3.1634042263031006, 1594933691060.187]
[-0.07013808190822601, -0.21791814267635345, -0.9515836834907532, -0.009193407371640205, -0.0035166728775948286, -3.164341688156128, 1594933691112.163]
[-0.0655759871006012, -0.22015288472175598, -0.947769284248352, -0.005031158681958914, -0.0005564418970607221, -3.1703476905822754, 1594933691214.279]
[-0.061444588005542755, -0.2234029471874237, -0.9455651044845581, -0.0054110814817249775, 0.0008475846261717379, -3.17531681060791, 1594933691262.137]
[-0.059726446866989136, -0.22433115541934967, -0.9451760053634644, -0.009866014122962952, 0.0039016169030219316, -3.1790826320648193, 1594933691323.807]
[-0.055968206375837326, -0.2248672991991043, -0.9411891102790833, -0.009633947163820267, 0.002268796553835273, -3.183917760848999, 1594933691478.394]
[-0.05184350162744522, -0.2245779186487198, -0.941563606262207, -0.00826837308704853, 0.007258202414959669, -3.186109781265259, 1594933691528.448]
[-0.048758670687675476, -0.22439764440059662, -0.9427124261856079, -0.007740997709333897, 0.008811636827886105, -3.185316801071167, 1594933691578.137]
[-0.04711638018488884, -0.22396060824394226, -0.9415947794914246, -0.00997815653681755, 0.01142349373549223, -3.182379722595215, 1594933691629.042]
[-0.042487360537052155, -0.22412200272083282, -0.9404259324073792, -0.010901306755840778, 0.010348432697355747, -3.1859114170074463, 1594933691696.959]
[-0.04012015089392662, -0.22429773211479187, -0.9412387013435364, -0.008885628543794155, 0.01391841471195221, -3.18534255027771, 1594933691765.074]
[-0.034739211201667786, -0.22511719167232513, -0.9461340308189392, -0.010243617929518223, 0.014568684622645378, -3.1852946281433105, 1594933691834.9868]
[-0.03222605586051941, -0.22453394532203674, -0.9457384943962097, -0.006518028676509857, 0.0074723525904119015, -3.184189558029175, 1594933691901.948]
[-0.027042245492339134, -0.2240910828113556, -0.9442216753959656, -0.005516051314771175, 0.014761652797460556, -3.180103302001953, 1594933691969.5188]
[-0.012329495511949062, -0.22343291342258453, -0.9430237412452698, -0.00857090950012207, 0.006350764539092779, -3.183131217956543, 1594933692108.297]
[0.0005523819709196687, -0.22307109832763672, -0.9434223771095276, -0.006879481021314859, 0.00030409186729229987, -3.177027463912964, 1594933692115.929]
[0.013334657065570354, -0.22255857288837433, -0.9438962340354919, -0.007141627836972475, -0.006888508331030607, -3.176567792892456, 1594933692175.892]
[0.023542825132608414, -0.22230982780456543, -0.94954514503479, -0.007377447560429573, -0.008208864368498325, -3.175490379333496, 1594933692245.4988]
[0.02766459435224533, -0.22208812832832336, -0.9514419436454773, -0.007108444347977638, -0.008351906202733517, -3.175845146179199, 1594933692319.238]
[0.03642427921295166, -0.22064904868602753, -0.9528254866600037, -0.007799712009727955, -0.011021419428288937, -3.1772265434265137, 1594933692380.846]
[0.05176437273621559, -0.21807236969470978, -0.9525352716445923, -0.007987743243575096, -0.020079968497157097, -3.170562744140625, 1594933692451.025]
[0.056432921439409256, -0.21695542335510254, -0.9527948498725891, -0.009224269539117813, -0.01747629977762699, -3.170283317565918, 1594933692519.342]
[0.06357398629188538, -0.21428748965263367, -0.9539849162101746, -0.0077720084227621555, -0.024574747309088707, -3.16542387008667, 1594933692588.76]
[0.06649357080459595, -0.21254150569438934, -0.953524112701416, -0.010778365656733513, -0.0247332900762558, -3.163698434829712, 1594933692596.414]
[0.07489337027072906, -0.208556666970253, -0.9532192349433899, -0.007482308428734541, -0.028740620240569115, -3.1631126403808594, 1594933692656.7422]
[0.08604329079389572, -0.2034550905227661, -0.9563302993774414, -0.011650427244603634, -0.029765121638774872, -3.1568822860717773, 1594933692723.756]
[0.09481403231620789, -0.1978747546672821, -0.9551457166671753, -0.007821670733392239, -0.031564027070999146, -3.1506705284118652, 1594933692862.671]
[0.09790823608636856, -0.19585072994232178, -0.955001175403595, -0.00797529611736536, -0.03005041740834713, -3.1502978801727295, 1594933692870.3352]
[0.10423904657363892, -0.19226275384426117, -0.9537770748138428, -0.00917048193514347, -0.031907081604003906, -3.1465885639190674, 1594933692997.631]
[0.11719107627868652, -0.18503600358963013, -0.9537368416786194, -0.009294331073760986, -0.033961229026317596, -3.1391890048980713, 1594933693005.378]
[0.1265111118555069, -0.17886751890182495, -0.9528839588165283, -0.006186595186591148, -0.037503015249967575, -3.1348328590393066, 1594933693131.704]
[0.13673149049282074, -0.17289789021015167, -0.9566386342048645, -0.010059764608740807, -0.036203935742378235, -3.133110523223877, 1594933693259.688]
[0.14668062329292297, -0.1660970002412796, -0.9576864838600159, -0.008185694925487041, -0.03785182535648346, -3.128538131713867, 1594933693335.697]
[0.15298625826835632, -0.16157017648220062, -0.9605590105056763, -0.008648717775940895, -0.040083855390548706, -3.1233737468719482, 1594933693405.526]
[0.15578676760196686, -0.15859656035900116, -0.9601786136627197, -0.006563346367329359, -0.03899769112467766, -3.1233878135681152, 1594933693471.557]
[0.16466502845287323, -0.1515127718448639, -0.9619556069374084, -0.006078608799725771, -0.0433998666703701, -3.118435859680176, 1594933693539.574]
[0.16977615654468536, -0.14623625576496124, -0.9608438611030579, -0.003969904035329819, -0.04276685044169426, -3.1155362129211426, 1594933693669.271]
[0.17260220646858215, -0.1438695192337036, -0.9608274698257446, -0.005433131009340286, -0.04173853620886803, -3.112879753112793, 1594933693676.969]
[0.1785261631011963, -0.1392788290977478, -0.9624770879745483, -0.00703494343906641, -0.04305620864033699, -3.109666585922241, 1594933693742.512]
[0.18937484920024872, -0.12938322126865387, -0.962414562702179, 0.00041058968054130673, -0.04821893945336342, -3.105131149291992, 1594933693819.7961]
[0.1943923979997635, -0.12411534786224365, -0.9630126953125, -0.0012882613809779286, -0.05035428702831268, -3.103278398513794, 1594933694017.3782]
[0.20307834446430206, -0.11127185076475143, -0.9660848379135132, 0.003502736333757639, -0.05176463723182678, -3.098883867263794, 1594933694025.156]
[0.20440267026424408, -0.1078234389424324, -0.9659959077835083, 0.0033102184534072876, -0.05308869481086731, -3.096604108810425, 1594933694084.858]
[0.20737266540527344, -0.10028012841939926, -0.9687243700027466, 0.0042391931638121605, -0.05240154638886452, -3.093139171600342, 1594933694151.347]
[0.2098253220319748, -0.09203259646892548, -0.9697978496551514, 0.005073622800409794, -0.05015525594353676, -3.0864124298095703, 1594933694228.7048]
[0.21527498960494995, -0.0738021656870842, -0.9721928834915161, 0.012943563982844353, -0.055466629564762115, -3.0763721466064453, 1594933694357.12]
[0.21868287026882172, -0.06403594464063644, -0.9729734659194946, 0.014789131470024586, -0.053325314074754715, -3.073011875152588, 1594933694493.223]
[0.2231164276599884, -0.048959486186504364, -0.9758629202842712, 0.019080767408013344, -0.05358228459954262, -3.065955877304077, 1594933694631.8418]
[0.22637724876403809, -0.031261324882507324, -0.9771454930305481, 0.030149828642606735, -0.06279002130031586, -3.0561435222625732, 1594933694767.414]
[0.2268543243408203, -0.026851650327444077, -0.976966917514801, 0.02854023687541485, -0.05842576175928116, -3.0540401935577393, 1594933694835.256]
[0.2294256091117859, -0.009400556795299053, -0.9790947437286377, 0.031933680176734924, -0.059854958206415176, -3.0503671169281006, 1594933694917.969]
[0.23048706352710724, -0.0010940879583358765, -0.9793498516082764, 0.03931484371423721, -0.06396369636058807, -3.0487000942230225, 1594933694984.986]
[0.23157501220703125, 0.007049463223665953, -0.9794164299964905, 0.03799566999077797, -0.06232596933841705, -3.045849084854126, 1594933695051.368]
[0.23304378986358643, 0.014823395758867264, -0.9808995723724365, 0.0403914675116539, -0.06609711796045303, -3.042787790298462, 1594933695120.1738]
[0.23443777859210968, 0.02252042479813099, -0.9805140495300293, 0.04200412333011627, -0.06896902620792389, -3.0429391860961914, 1594933695127.837]
[0.23657196760177612, 0.030365897342562675, -0.9822288155555725, 0.04443928971886635, -0.06802837550640106, -3.042649269104004, 1594933695187.171]
[0.23810705542564392, 0.03733096271753311, -0.9827677011489868, 0.047361359000205994, -0.06917676329612732, -3.038424253463745, 1594933695262.385]
[0.2387300729751587, 0.040891628712415695, -0.9825335741043091, 0.04626744985580444, -0.070313960313797, -3.0352859497070312, 1594933695323.102]
[0.24101436138153076, 0.05109751597046852, -0.9836827516555786, 0.048563383519649506, -0.07297393679618835, -3.030400514602661, 1594933695330.762]
[0.24188612401485443, 0.0578862801194191, -0.9831423759460449, 0.05014198273420334, -0.06815657019615173, -3.0288429260253906, 1594933695457.0662]
[0.24306268990039825, 0.06490108370780945, -0.9847471117973328, 0.053318627178668976, -0.07241872698068619, -3.028078556060791, 1594933695524.984]
[0.24338926374912262, 0.06836949288845062, -0.984388530254364, 0.051349710673093796, -0.0699111595749855, -3.028862714767456, 1594933695594.0051]
[0.24373413622379303, 0.0719306692481041, -0.9846450686454773, 0.0477508082985878, -0.0730491653084755, -3.027986764907837, 1594933695663.017]
[0.24502374231815338, 0.08222942799329758, -0.9858861565589905, 0.04990968480706215, -0.06903065741062164, -3.031078338623047, 1594933695732.939]
[0.2447582632303238, 0.0855758935213089, -0.9851479530334473, 0.05210309848189354, -0.07239679247140884, -3.030958414077759, 1594933695740.741]
[0.24393445253372192, 0.09188016504049301, -0.9854193329811096, 0.05126449465751648, -0.07171639055013657, -3.028388023376465, 1594933695859.966]
[0.24258902668952942, 0.09819657355546951, -0.9863462448120117, 0.05744608864188194, -0.06922892481088638, -3.0246644020080566, 1594933695934.161]
[0.24113987386226654, 0.10413156449794769, -0.9862173795700073, 0.054410289973020554, -0.07373492419719696, -3.019843578338623, 1594933696002.0781]
[0.23924079537391663, 0.11017701029777527, -0.9869049191474915, 0.05720790848135948, -0.06690064072608948, -3.018308401107788, 1594933696071.2832]
[0.23802155256271362, 0.11255723237991333, -0.9854289889335632, 0.055121421813964844, -0.07037217915058136, -3.0154619216918945, 1594933696080.3071]
[0.235916867852211, 0.11812511831521988, -0.986289918422699, 0.05600525066256523, -0.06896945834159851, -3.0127251148223877, 1594933696141.023]
[0.23405420780181885, 0.12362153828144073, -0.987199604511261, 0.05757787823677063, -0.06766913831233978, -3.01009202003479, 1594933696285.733]
[0.22665591537952423, 0.14536017179489136, -0.9895971417427063, 0.06121780350804329, -0.06901431828737259, -3.0156893730163574, 1594933696491.7258]
[0.22303363680839539, 0.15185819566249847, -0.9899776577949524, 0.0609641969203949, -0.06375923752784729, -3.0188896656036377, 1594933696634.35]
[0.21759334206581116, 0.16061772406101227, -0.990748941898346, 0.06049707904458046, -0.06502048671245575, -3.0168685913085938, 1594933696698.901]
[0.21410441398620605, 0.16653010249137878, -0.9911848306655884, 0.06515967845916748, -0.06251388043165207, -3.018420934677124, 1594933696764.73]
[0.20983749628067017, 0.17239642143249512, -0.9899120926856995, 0.06136869639158249, -0.06488575786352158, -3.0203356742858887, 1594933696773.968]
[0.2065761685371399, 0.17836490273475647, -0.9906014204025269, 0.06353789567947388, -0.061703164130449295, -3.020540475845337, 1594933696789.49]
[0.20444029569625854, 0.18114875257015228, -0.9895887970924377, 0.06563796103000641, -0.06153495982289314, -3.0218265056610107, 1594933696898.9712]
[0.20024296641349792, 0.18949061632156372, -0.9902998208999634, 0.06393323838710785, -0.06210511177778244, -3.0185325145721436, 1594933696909.1748]
[0.19735072553157806, 0.19430693984031677, -0.9890148043632507, 0.06289909034967422, -0.06114853918552399, -3.0158438682556152, 1594933696970.676]
[0.19617120921611786, 0.19671334326267242, -0.9888731241226196, 0.06516116112470627, -0.0587935708463192, -3.0139803886413574, 1594933697035.6892]
[0.19234932959079742, 0.2032185196876526, -0.9886159896850586, 0.06308021396398544, -0.06150563806295395, -3.0102264881134033, 1594933697044.2031]
[0.19114162027835846, 0.20523330569267273, -0.9905511736869812, 0.0658235028386116, -0.06241092085838318, -3.0074572563171387, 1594933697104.592]
[0.18680991232395172, 0.2109343707561493, -0.9902160167694092, 0.07015186548233032, -0.05711750313639641, -3.002587080001831, 1594933697180.887]
[0.18331433832645416, 0.21490266919136047, -0.9903486371040344, 0.06955815106630325, -0.05449693277478218, -3.001138687133789, 1594933697240.5752]
[0.18167053163051605, 0.2169715017080307, -0.990178644657135, 0.06688939779996872, -0.059542614966630936, -3.0006964206695557, 1594933697308.666]
[0.17757201194763184, 0.22089555859565735, -0.9895225167274475, 0.06876718252897263, -0.057522520422935486, -2.9980955123901367, 1594933697377.684]
[0.1731480062007904, 0.22470714151859283, -0.9880009889602661, 0.0686822310090065, -0.06030648201704025, -2.9974710941314697, 1594933697445.632]
[0.17076712846755981, 0.22658398747444153, -0.987726628780365, 0.0680931881070137, -0.06281978636980057, -2.994837760925293, 1594933697511.85]
[0.1635957807302475, 0.23214022815227509, -0.9880763292312622, 0.07010751962661743, -0.05985492840409279, -2.995189666748047, 1594933697582.6362]
[0.16056877374649048, 0.23382918536663055, -0.9882304072380066, 0.07191770523786545, -0.059419889003038406, -2.9932332038879395, 1594933697590.154]
[0.15436898171901703, 0.23673436045646667, -0.9904159903526306, 0.06935904920101166, -0.056422945111989975, -2.985063314437866, 1594933697650.475]
[0.14795398712158203, 0.23960869014263153, -0.9895637631416321, 0.07307988405227661, -0.05304591730237007, -2.982503652572632, 1594933697717.4612]
[0.12949073314666748, 0.2448231279850006, -0.9866743683815002, 0.06978171318769455, -0.05004160851240158, -2.9795124530792236, 1594933697863.6848]
[0.11796756833791733, 0.24863256514072418, -0.9840905666351318, 0.07019519805908203, -0.04704717546701431, -2.9796030521392822, 1594933697991.493]
[0.11064264923334122, 0.25118690729141235, -0.9823238849639893, 0.06995052844285965, -0.044744823127985, -2.9823341369628906, 1594933698037.064]
[0.1074918657541275, 0.2527488172054291, -0.9820668697357178, 0.07259522378444672, -0.042751479893922806, -2.9814841747283936, 1594933698063.513]
[0.1012469008564949, 0.25557249784469604, -0.983454704284668, 0.06865551322698593, -0.04138176888227463, -2.978593587875366, 1594933698181.4421]
[0.0983542948961258, 0.25703972578048706, -0.9837420582771301, 0.06879477202892303, -0.04152272269129753, -2.9767885208129883, 1594933698183.248]
[0.08980561047792435, 0.2614171802997589, -0.9845802187919617, 0.071287140250206, -0.03967006877064705, -2.9790406227111816, 1594933698215.572]
[0.08341105282306671, 0.2651294469833374, -0.9873976111412048, 0.06875869631767273, -0.03730618208646774, -2.970712184906006, 1594933698316.325]
[0.07860739529132843, 0.26830530166625977, -0.9857038259506226, 0.06591462343931198, -0.04080834612250328, -2.964303731918335, 1594933698366.3499]
[0.07598630338907242, 0.2700805068016052, -0.9859274625778198, 0.06708813458681107, -0.04195479676127434, -2.9643852710723877, 1594933698421.285]
[0.07006079703569412, 0.2736399471759796, -0.9849225878715515, 0.06762046366930008, -0.04331343248486519, -2.9626145362854004, 1594933698528.884]
[0.06673866510391235, 0.2755127549171448, -0.984381377696991, 0.06655241549015045, -0.04167903959751129, -2.9631152153015137, 1594933698579.732]
[0.05826994776725769, 0.28169137239456177, -0.9858441352844238, 0.06939227133989334, -0.04201539233326912, -2.9530911445617676, 1594933698627.07]
[0.050534285604953766, 0.2876291871070862, -0.9858083724975586, 0.07034746557474136, -0.04152650386095047, -2.9372754096984863, 1594933698756.293]
[0.043544355779886246, 0.2923787236213684, -0.9833328127861023, 0.06929800659418106, -0.044726643711328506, -2.9225051403045654, 1594933698855.676]
[0.03705378994345665, 0.2939424514770508, -0.9808090329170227, 0.07176969200372696, -0.04615616425871849, -2.9220266342163086, 1594933698952.186]
[0.03171563521027565, 0.2959088087081909, -0.9820801615715027, 0.06536833196878433, -0.040687259286642075, -2.918611764907837, 1594933699003.191]
[-0.05076604709029198, 0.30997002124786377, -1.0118974447250366, 0.06442254781723022, -0.029160987585783005, -2.8493611812591553, 1594933700333.004]
[-0.08358880132436752, 0.25597402453422546, -1.0050926208496094, 0.06536638736724854, -0.045458707958459854, -2.9179141521453857, 1594933700805.719]
[-0.08697649836540222, 0.25056999921798706, -1.003023624420166, 0.06795218586921692, -0.046403903514146805, -2.921807289123535, 1594933700875.763]
[-0.09307662397623062, 0.23986174166202545, -1.0011341571807861, 0.0722496286034584, -0.04725690186023712, -2.926321268081665, 1594933700941.916]
[-0.09732141345739365, 0.2332247495651245, -1.0001834630966187, 0.07349084317684174, -0.049235209822654724, -2.934643507003784, 1594933701146.878]
[-0.10564976930618286, 0.22286953032016754, -1.004124402999878, 0.07318169623613358, -0.0457599051296711, -2.9453182220458984, 1594933701223.917]
[-0.10564979165792465, 0.22286956012248993, -1.004124641418457, 0.07318294048309326, -0.04575914517045021, -2.9453182220458984, 1594933701283.642]
[-0.11936957389116287, 0.20222687721252441, -1.0075874328613281, 0.07090819627046585, -0.04337559640407562, -2.968123435974121, 1594933701350.6628]
[-0.11936960369348526, 0.2022269070148468, -1.0075875520706177, 0.07090964913368225, -0.043374765664339066, -2.968123197555542, 1594933701417.5488]
[-0.1265881508588791, 0.18454121053218842, -1.004563570022583, 0.06605394929647446, -0.044341880828142166, -2.9872376918792725, 1594933701495.172]
[-0.13094787299633026, 0.1736326962709427, -1.0041102170944214, 0.06334168463945389, -0.04057914763689041, -3.0006463527679443, 1594933701555.506]
[-0.1397719830274582, 0.15406827628612518, -1.004662036895752, 0.05812699347734451, -0.043786752969026566, -3.0159010887145996, 1594933701625.4019]
[-0.14449208974838257, 0.1451253443956375, -1.0074423551559448, 0.05597735196352005, -0.04009813815355301, -3.0229148864746094, 1594933701633.199]
[-0.14666268229484558, 0.14072036743164062, -1.007521629333496, 0.05493690073490143, -0.04115038737654686, -3.026491165161133, 1594933701691.621]
[-0.15101969242095947, 0.13129350543022156, -1.0084896087646484, 0.05393919348716736, -0.039145298302173615, -3.0304617881774902, 1594933701760.4229]
[-0.15345336496829987, 0.12694035470485687, -1.010733962059021, 0.05294244363903999, -0.03865377977490425, -3.0358288288116455, 1594933701831.391]
[-0.1550704389810562, 0.12266124039888382, -1.0106669664382935, 0.05560218170285225, -0.03744389861822128, -3.0360348224639893, 1594933701839.136]
[-0.15967987477779388, 0.11475447565317154, -1.0151491165161133, 0.04159412533044815, -0.037204064428806305, -3.0393242835998535, 1594933701898.549]
[-0.16293761134147644, 0.10667712986469269, -1.011376976966858, 0.049871642142534256, -0.038968708366155624, -3.0445337295532227, 1594933701965.4]
[-0.16706781089305878, 0.09893163293600082, -1.0122207403182983, 0.050572846084833145, -0.037267934530973434, -3.048436403274536, 1594933702100.3699]
[-0.1712193638086319, 0.09106004238128662, -1.0119779109954834, 0.053076278418302536, -0.03894807770848274, -3.0538766384124756, 1594933702170.321]
[-0.17557412385940552, 0.08419401198625565, -1.0143059492111206, 0.04838857054710388, -0.03712404891848564, -3.0591938495635986, 1594933702240.31]
[-0.18125517666339874, 0.07041051238775253, -1.010324478149414, 0.04733932763338089, -0.0372394323348999, -3.0741305351257324, 1594933702247.9849]
[-0.1854032278060913, 0.06101169064640999, -1.0101027488708496, 0.05090795457363129, -0.03123031184077263, -3.084906578063965, 1594933702374.308]
[-0.1883769929409027, 0.051742199808359146, -1.009031057357788, 0.05223928764462471, -0.030207140371203423, -3.0921528339385986, 1594933702449.565]
[-0.19110171496868134, 0.042627763003110886, -1.0106481313705444, 0.047597069293260574, -0.030313726514577866, -3.0994760990142822, 1594933702509.286]
[-0.1937762349843979, 0.027994336560368538, -1.0122122764587402, 0.04141607508063316, -0.030788004398345947, -3.1121747493743896, 1594933702646.2468]
[-0.19370228052139282, 0.017486710101366043, -1.0087782144546509, 0.04356776922941208, -0.02977285534143448, -3.122471809387207, 1594933702653.868]
[-0.19393950700759888, 0.007430230733007193, -1.0088444948196411, 0.043108854442834854, -0.03184211999177933, -3.130695104598999, 1594933702780.122]
[-0.19427704811096191, -0.008449078537523746, -1.0079607963562012, 0.038283202797174454, -0.031075092032551765, -3.1420345306396484, 1594933702857.5051]
[-0.19464868307113647, -0.01326463557779789, -1.0079234838485718, 0.0405820831656456, -0.03177404776215553, -3.1439898014068604, 1594933702917.085]
[-0.19507358968257904, -0.027963275089859962, -1.0073978900909424, 0.036211904138326645, -0.03544145077466965, -3.1464266777038574, 1594933703053.104]
[-0.1944192796945572, -0.04363841563463211, -1.0073635578155518, 0.03062247671186924, -0.03382185474038124, -3.154327630996704, 1594933703119.493]
[-0.19193881750106812, -0.057939186692237854, -1.0010017156600952, 0.02612386830151081, -0.03473885729908943, -3.1585357189178467, 1594933703256.1072]
[-0.1896504908800125, -0.07175920903682709, -0.9954110980033875, 0.024011489003896713, -0.03339071944355965, -3.161703109741211, 1594933703263.754]
[-0.18711557984352112, -0.08169537782669067, -0.9921093583106995, 0.01987689547240734, -0.03261430934071541, -3.1641879081726074, 1594933703323.029]
[-0.1806240975856781, -0.09744912385940552, -0.9895353317260742, 0.018819060176610947, -0.03370269760489464, -3.1741747856140137, 1594933703469.403]
[-0.17701616883277893, -0.10632205009460449, -0.9893953204154968, 0.016880014911293983, -0.033770591020584106, -3.1749653816223145, 1594933703596.937]
[-0.17220665514469147, -0.11850902438163757, -0.9867739081382751, 0.010804632678627968, -0.037482570856809616, -3.1703386306762695, 1594933703604.586]
[-0.1672137975692749, -0.12976232171058655, -0.9822890758514404, 0.0058557940647006035, -0.035865530371665955, -3.1638567447662354, 1594933703730.894]
[-0.1641148328781128, -0.13566377758979797, -0.9790547490119934, 0.0024669254198670387, -0.031281374394893646, -3.1599016189575195, 1594933703797.884]
[-0.15978896617889404, -0.14125849306583405, -0.9731653928756714, 0.0027991202659904957, -0.03517904505133629, -3.154707670211792, 1594933703887.206]
[-0.1490996927022934, -0.1574215292930603, -0.964480996131897, -0.007511988747864962, -0.03536583110690117, -3.155116081237793, 1594933703947.8608]
[-0.14280614256858826, -0.16470354795455933, -0.9605261087417603, -0.01028970256447792, -0.0402926430106163, -3.1559369564056396, 1594933704024.126]
[-0.13426627218723297, -0.178428053855896, -0.9572300314903259, -0.019052568823099136, -0.036376047879457474, -3.1489269733428955, 1594933704150.715]
[-0.11912611126899719, -0.19557923078536987, -0.9547165632247925, -0.02245989441871643, -0.030990878120064735, -3.1448352336883545, 1594933704218.7122]
[-0.11613792181015015, -0.1986575573682785, -0.9549076557159424, -0.02456582523882389, -0.03783544898033142, -3.139936923980713, 1594933704286.689]
[-0.11228977143764496, -0.20117433369159698, -0.9537409543991089, -0.023302454501390457, -0.038315825164318085, -3.139835834503174, 1594933704355.68]
[-0.10437163710594177, -0.20732760429382324, -0.9547094106674194, -0.024395417422056198, -0.03904092311859131, -3.1435844898223877, 1594933704423.007]
[-0.09959020465612411, -0.21072717010974884, -0.956127941608429, -0.02560029737651348, -0.038987159729003906, -3.1489756107330322, 1594933704500.008]
[-0.09127911180257797, -0.2164527028799057, -0.955348014831543, -0.026846807450056076, -0.037311676889657974, -3.1485483646392822, 1594933704560.98]
[-0.082696832716465, -0.22140438854694366, -0.9531579613685608, -0.026169707998633385, -0.04055064544081688, -3.1502227783203125, 1594933704628.5132]
[-0.07328643649816513, -0.22649559378623962, -0.9504275321960449, -0.024982154369354248, -0.041158705949783325, -3.1501612663269043, 1594933704697.7341]
[-0.06332876533269882, -0.23196913301944733, -0.9470595717430115, -0.02570338360965252, -0.043165422976017, -3.1544504165649414, 1594933704765.407]
[-0.05842098221182823, -0.23481325805187225, -0.9462361335754395, -0.02409627102315426, -0.04364754259586334, -3.1562087535858154, 1594933704831.838]
[-0.04830262064933777, -0.24111220240592957, -0.944858193397522, -0.028761642053723335, -0.045657217502593994, -3.160219192504883, 1594933704901.095]
[-0.03839191794395447, -0.24639983475208282, -0.9434234499931335, -0.027537483721971512, -0.045016057789325714, -3.1647017002105713, 1594933704968.683]
[-0.028915179893374443, -0.25070515275001526, -0.9396743774414062, -0.027349021285772324, -0.04862826317548752, -3.1634693145751953, 1594933704976.592]
[-0.014212306588888168, -0.256632000207901, -0.9403228163719177, -0.028756842017173767, -0.04577840119600296, -3.1659364700317383, 1594933705101.717]
[-0.004007591400295496, -0.2592070996761322, -0.9371740221977234, -0.024568691849708557, -0.04529079049825668, -3.1642727851867676, 1594933705109.956]
[0.0008405994740314782, -0.26081591844558716, -0.939385712146759, -0.026728512719273567, -0.05013883113861084, -3.1657605171203613, 1594933705182.51]
[0.011093653738498688, -0.26327288150787354, -0.9410849213600159, -0.027003349736332893, -0.046776484698057175, -3.1650607585906982, 1594933705246.991]
[0.01573229394853115, -0.26374751329421997, -0.9398906230926514, -0.027713090181350708, -0.04658209905028343, -3.1636719703674316, 1594933705256.265]
[0.02416756935417652, -0.2644102871417999, -0.9377933144569397, -0.031968358904123306, -0.0461629182100296, -3.1613242626190186, 1594933705324.907]
[0.03687875345349312, -0.2645905315876007, -0.9350718259811401, -0.031529150903224945, -0.04896840825676918, -3.1581788063049316, 1594933705384.393]
[0.041388627141714096, -0.26463013887405396, -0.9350900053977966, -0.03250214457511902, -0.04810186102986336, -3.1562957763671875, 1594933705452.58]
[0.05657243728637695, -0.2637561857700348, -0.9361245036125183, -0.03321874886751175, -0.04442853480577469, -3.161227226257324, 1594933705489.906]
[0.06815576553344727, -0.26362451910972595, -0.9406037330627441, -0.034227583557367325, -0.04802539944648743, -3.1654837131500244, 1594933705543.376]
[0.09688020497560501, -0.25998127460479736, -0.9397130608558655, -0.035074617713689804, -0.05088011920452118, -3.1617519855499268, 1594933705691.3801]
[0.10805728286504745, -0.25792378187179565, -0.9408671259880066, -0.03727099671959877, -0.057227104902267456, -3.151705265045166, 1594933705744.312]
[0.11591228097677231, -0.25520431995391846, -0.9380842447280884, -0.03957870975136757, -0.06408566236495972, -3.1427392959594727, 1594933705843.3188]
[0.12051589041948318, -0.25401633977890015, -0.9418501257896423, -0.0381687730550766, -0.05743639916181564, -3.142233371734619, 1594933705894.253]
[0.13179732859134674, -0.2502114176750183, -0.9431421160697937, -0.0419524721801281, -0.060928307473659515, -3.141254186630249, 1594933705943.2522]
[0.1390322893857956, -0.24773608148097992, -0.9424288272857666, -0.04371035471558571, -0.06085371971130371, -3.139281988143921, 1594933706051.6492]
[0.1420559287071228, -0.24648138880729675, -0.9419606328010559, -0.043174516409635544, -0.061043888330459595, -3.139887809753418, 1594933706098.326]
[0.15272662043571472, -0.24161414802074432, -0.9406140446662903, -0.04575243592262268, -0.06101888790726662, -3.137200117111206, 1594933706216.1711]
[0.1573658585548401, -0.2395019233226776, -0.9407773613929749, -0.04867501184344292, -0.06550151854753494, -3.135190010070801, 1594933706259.6108]
[0.16380426287651062, -0.23684832453727722, -0.9441507458686829, -0.04646564647555351, -0.06410790979862213, -3.1393423080444336, 1594933706312.1099]
[0.1726614087820053, -0.22783420979976654, -0.954650342464447, -0.03775057941675186, -0.06017391383647919, -3.144200563430786, 1594933706405.1052]
[0.1794574111700058, -0.21731868386268616, -0.955970048904419, -0.03343139961361885, -0.06095859780907631, -3.147132396697998, 1594933706452.23]
[0.18676798045635223, -0.20410166680812836, -0.9569525718688965, -0.025789842009544373, -0.061364732682704926, -3.148665189743042, 1594933706504.139]
[0.1903662383556366, -0.2003144770860672, -0.9580842852592468, -0.025133775547146797, -0.06056702882051468, -3.1477253437042236, 1594933706602.087]
[0.19729089736938477, -0.19153210520744324, -0.9585119485855103, -0.023389924317598343, -0.06118553876876831, -3.1466567516326904, 1594933706739.075]
[0.20371490716934204, -0.18316690623760223, -0.9620078802108765, -0.017900772392749786, -0.0626319944858551, -3.1404507160186768, 1594933706746.85]
[0.20976774394512177, -0.17077355086803436, -0.9685514569282532, -0.009529135189950466, -0.05880596861243248, -3.1370136737823486, 1594933706805.042]
[0.212918221950531, -0.1599612832069397, -0.9653407335281372, -0.010372662916779518, -0.0580843985080719, -3.128754138946533, 1594933706873.962]
[0.21641135215759277, -0.15126357972621918, -0.9664697647094727, -0.009654523804783821, -0.0642770379781723, -3.123910903930664, 1594933706950.4658]
[0.21899667382240295, -0.14258496463298798, -0.9670597314834595, -0.012529153376817703, -0.060281477868556976, -3.1170530319213867, 1594933707009.006]
[0.2222750186920166, -0.13313186168670654, -0.9673743844032288, -0.008794679306447506, -0.06167005002498627, -3.116880416870117, 1594933707079.0168]
[0.22573009133338928, -0.12455851584672928, -0.9703269600868225, -0.010193778201937675, -0.06056491658091545, -3.1113619804382324, 1594933707086.62]
[0.22872024774551392, -0.11525974422693253, -0.9708219170570374, -0.007173299323767424, -0.06396128982305527, -3.1078526973724365, 1594933707212.976]
[0.23137706518173218, -0.106339231133461, -0.9716238379478455, -0.007298552896827459, -0.059306684881448746, -3.10249662399292, 1594933707279.01]
[0.23448659479618073, -0.09738737344741821, -0.9726307988166809, -0.0052289762534201145, -0.059851497411727905, -3.101691722869873, 1594933707424.849]
[0.2443547397851944, -0.0727538987994194, -0.9810230731964111, -0.0004773955442942679, -0.05762718245387077, -3.1010074615478516, 1594933707483.8408]
[0.24600543081760406, -0.062113404273986816, -0.9779974222183228, 0.00381375546567142, -0.05706046149134636, -3.1010289192199707, 1594933707560.1348]
[0.2469266653060913, -0.057725485414266586, -0.9781776070594788, 0.002943535102531314, -0.0630638599395752, -3.0998659133911133, 1594933707620.79]
[0.24728235602378845, -0.04409244284033775, -0.9781442284584045, 0.003333071246743202, -0.05666115880012512, -3.0919439792633057, 1594933707690.811]
[0.24839642643928528, -0.03237668052315712, -0.9810787439346313, 0.009094864130020142, -0.052065420895814896, -3.09181809425354, 1594933707826.7761]
[0.24840843677520752, -0.02479402720928192, -0.9833456873893738, 0.016825441271066666, -0.048309098929166794, -3.089639186859131, 1594933707834.38]
[0.24759991466999054, -0.01217975839972496, -0.9795968532562256, 0.016279350966215134, -0.05283709615468979, -3.085461139678955, 1594933707893.737]
[0.24758002161979675, -0.0017028381116688251, -0.9794511795043945, 0.01847207546234131, -0.050630223006010056, -3.0817837715148926, 1594933707959.785]
[0.24722005426883698, 0.008424635045230389, -0.9790852665901184, 0.01881255954504013, -0.04851556941866875, -3.075191020965576, 1594933708034.585]
[0.24715115129947662, 0.018550707027316093, -0.9801557660102844, 0.02153799682855606, -0.05245295539498329, -3.0694408416748047, 1594933708096.7031]
[0.24778026342391968, 0.03877519443631172, -0.9794929623603821, 0.023628082126379013, -0.04555239528417587, -3.0562191009521484, 1594933708173.35]
[0.24865581095218658, 0.04858475178480148, -0.9791613817214966, 0.02310309000313282, -0.05037812516093254, -3.052433729171753, 1594933708301.6829]
[0.24931547045707703, 0.05335968732833862, -0.9791077971458435, 0.024058762937784195, -0.05209092050790787, -3.049501657485962, 1594933708366.905]
[0.2510896325111389, 0.06974804401397705, -0.9804230332374573, 0.027151884511113167, -0.05037492886185646, -3.0453479290008545, 1594933708434.7861]
[0.25220975279808044, 0.08138487488031387, -0.9822329878807068, 0.029540082439780235, -0.046462494879961014, -3.0437798500061035, 1594933708505.547]
[0.2507023513317108, 0.09853269159793854, -0.9788880944252014, 0.03360079228878021, -0.05452236905694008, -3.042940139770508, 1594933708513.216]
[0.2503313720226288, 0.10334150493144989, -0.9798660278320312, 0.03847506269812584, -0.0534369982779026, -3.043585777282715, 1594933708571.624]
[0.24880312383174896, 0.11165449768304825, -0.9785903692245483, 0.03773612156510353, -0.05240805074572563, -3.0403716564178467, 1594933708706.5461]
[0.24832910299301147, 0.11639692634344101, -0.9801021218299866, 0.04117437079548836, -0.05207941681146622, -3.0404715538024902, 1594933708775.634]
[0.24707747995853424, 0.12958581745624542, -0.9817501902580261, 0.04404997080564499, -0.055069029331207275, -3.044482946395874, 1594933708783.244]
[0.24535328149795532, 0.1382645219564438, -0.9828281998634338, 0.04579778015613556, -0.058674074709415436, -3.0459442138671875, 1594933708842.7588]
[0.24251370131969452, 0.1496211290359497, -0.9815409183502197, 0.047977812588214874, -0.06276582181453705, -3.0412638187408447, 1594933708989.521]
[0.2414519190788269, 0.15324652194976807, -0.9812635183334351, 0.0494035929441452, -0.0661720484495163, -3.0384650230407715, 1594933708997.823]
[0.23921406269073486, 0.16090127825737, -0.9818295240402222, 0.048519574105739594, -0.06706642359495163, -3.034050226211548, 1594933709061.464]
[0.2361442744731903, 0.16850551962852478, -0.9815732836723328, 0.04900318756699562, -0.06418454647064209, -3.0341341495513916, 1594933709129.463]
[0.23481020331382751, 0.17225556075572968, -0.981730580329895, 0.05095501244068146, -0.0683688148856163, -3.0319080352783203, 1594933709198.463]
[0.23291990160942078, 0.17916719615459442, -0.9815710783004761, 0.054712068289518356, -0.06908529251813889, -3.0267333984375, 1594933709266.208]
[0.2298818975687027, 0.18616092205047607, -0.9799129962921143, 0.05406299605965614, -0.06978128105401993, -3.0235822200775146, 1594933709333.842]
[0.22607260942459106, 0.1973760426044464, -0.9814953207969666, 0.0583750419318676, -0.0695352554321289, -3.022907257080078, 1594933709401.3691]
[0.22338788211345673, 0.2046862095594406, -0.9831323027610779, 0.05693989619612694, -0.07131019234657288, -3.02239990234375, 1594933709470.299]
[0.22144052386283875, 0.20798291265964508, -0.9810172915458679, 0.05729116126894951, -0.07051634788513184, -3.0227560997009277, 1594933709539.47]
[0.21825328469276428, 0.21799977123737335, -0.9819291830062866, 0.061744119971990585, -0.07072384655475616, -3.0160305500030518, 1594933709606.3882]
[0.21606041491031647, 0.22431252896785736, -0.9852777719497681, 0.06314513832330704, -0.07246493548154831, -3.007338285446167, 1594933709676.328]
[0.21468998491764069, 0.2268456220626831, -0.9862422347068787, 0.06098349392414093, -0.07648913562297821, -3.0018913745880127, 1594933709744.297]
[0.2105858325958252, 0.2264670729637146, -0.9830856919288635, 0.058337606489658356, -0.07858706265687943, -2.998440980911255, 1594933709812.378]
[0.20436333119869232, 0.2334258258342743, -0.98513263463974, 0.04890110716223717, -0.07771993428468704, -2.9961047172546387, 1594933709945.7432]
[0.20137745141983032, 0.23665638267993927, -0.9860395193099976, 0.04733514413237572, -0.07928940653800964, -3.0005695819854736, 1594933709953.943]
[0.19106996059417725, 0.24568702280521393, -0.9879679679870605, 0.04920421540737152, -0.07867810130119324, -3.016380786895752, 1594933710082.214]
[0.184254989027977, 0.25035277009010315, -0.9876816868782043, 0.04943189024925232, -0.08088400214910507, -3.01792311668396, 1594933710150.165]
[0.18210195004940033, 0.25187933444976807, -0.9885591864585876, 0.046715445816516876, -0.08070658147335052, -3.016159772872925, 1594933710157.891]
[0.17590662837028503, 0.25535640120506287, -0.9914203882217407, 0.04699774459004402, -0.0851883664727211, -3.008873701095581, 1594933710217.175]
[0.1672089844942093, 0.2560349404811859, -0.9948461651802063, 0.04019530117511749, -0.08852514624595642, -3.015780448913574, 1594933710303.3928]
[0.15931309759616852, 0.2577541768550873, -0.9948013424873352, 0.036477141082286835, -0.09165241569280624, -3.0285959243774414, 1594933710372.602]
[0.15380826592445374, 0.2594816982746124, -0.9958769083023071, 0.03801242262125015, -0.09098179638385773, -3.028791904449463, 1594933710432.123]
[0.14487764239311218, 0.2608761787414551, -0.9924044013023376, 0.03716759756207466, -0.09452469646930695, -3.014220952987671, 1594933710567.238]
[0.1404189169406891, 0.2613140940666199, -0.9915071725845337, 0.03747725486755371, -0.09879209846258163, -3.0092763900756836, 1594933710635.373]
[0.1268630027770996, 0.26472124457359314, -0.9914824366569519, 0.04487103223800659, -0.09939265996217728, -3.017179489135742, 1594933710773.0178]
[0.1241840273141861, 0.26575353741645813, -0.9927999377250671, 0.042317457497119904, -0.10163955390453339, -3.0026185512542725, 1594933710909.0]
[0.12228396534919739, 0.2663715183734894, -0.9933904409408569, 0.04229050874710083, -0.10078468173742294, -2.996190071105957, 1594933710974.018]
[0.1158076599240303, 0.26870518922805786, -0.9956567287445068, 0.03973041847348213, -0.10158886760473251, -2.9856038093566895, 1594933710985.333]
[0.1124318540096283, 0.26982593536376953, -0.9964048862457275, 0.043656688183546066, -0.10308712720870972, -2.985879898071289, 1594933711043.9912]
[0.09972398728132248, 0.27255991101264954, -0.997552752494812, 0.03829270601272583, -0.10094514489173889, -2.9894602298736572, 1594933711107.5088]
[0.0915045440196991, 0.2740946114063263, -0.9980317950248718, 0.038607362657785416, -0.0981273427605629, -2.989304780960083, 1594933711180.028]
[0.06520306318998337, 0.28009653091430664, -1.0030434131622314, 0.0399201437830925, -0.08344017714262009, -3.001718044281006, 1594933711195.968]
[0.05460706725716591, 0.28300076723098755, -1.0038549900054932, 0.04150747135281563, -0.08262921124696732, -3.004931688308716, 1594933711247.934]
[0.04857197403907776, 0.2844448387622833, -1.0041275024414062, 0.03955090045928955, -0.08088184893131256, -3.0047483444213867, 1594933711317.874]
[0.03189697489142418, 0.28735843300819397, -1.003426194190979, 0.03926154226064682, -0.07475486397743225, -3.007922410964966, 1594933711385.856]
[0.019850144162774086, 0.2881729304790497, -1.0049529075622559, 0.03368228301405907, -0.07686763256788254, -3.012444496154785, 1594933711531.21]
[0.011868981644511223, 0.28782591223716736, -1.0093653202056885, 0.03775765746831894, -0.07278163731098175, -3.0188419818878174, 1594933711657.815]
[0.0015937574207782745, 0.2834303379058838, -1.0075738430023193, 0.03587742894887924, -0.07232480496168137, -3.0149247646331787, 1594933711790.6921]
[-0.004180062562227249, 0.2820416986942291, -1.0051847696304321, 0.035301271826028824, -0.07225207984447479, -3.0134079456329346, 1594933711860.627]
[-0.02649436518549919, 0.27894482016563416, -1.002685785293579, 0.03657122328877449, -0.06256554275751114, -3.0190839767456055, 1594933711868.607]
[-0.02649437077343464, 0.27894484996795654, -1.0026859045028687, 0.03657189756631851, -0.06256524473428726, -3.0190837383270264, 1594933711929.8042]
[-0.04123765230178833, 0.281197726726532, -1.0071418285369873, 0.03203056752681732, -0.05706720054149628, -3.014343023300171, 1594933711937.3691]
[-0.052405547350645065, 0.28310272097587585, -1.006374478340149, 0.03565597906708717, -0.05634588748216629, -2.9991400241851807, 1594933712068.6829]
[-0.06494535505771637, 0.28194987773895264, -1.0035473108291626, 0.03028636984527111, -0.05334949120879173, -2.9877982139587402, 1594933712135.726]
[-0.06494535505771637, 0.281949907541275, -1.0035473108291626, 0.03028656542301178, -0.05334940180182457, -2.9877982139587402, 1594933712202.897]
[-0.07946573942899704, 0.2807035744190216, -1.0055046081542969, 0.03091079741716385, -0.047083839774131775, -2.9843945503234863, 1594933712338.758]
[-0.11479822546243668, 0.27480074763298035, -1.0063714981079102, 0.03128940984606743, -0.031269434839487076, -2.9804115295410156, 1594933712346.354]
[-0.11868568509817123, 0.2733517587184906, -1.008196234703064, 0.03487755358219147, -0.031587060540914536, -2.9789681434631348, 1594933712405.932]
[-0.12686747312545776, 0.26922938227653503, -1.0059616565704346, 0.033334508538246155, -0.02997726760804653, -2.982452630996704, 1594933712472.539]
[-0.13503886759281158, 0.26424652338027954, -1.006324052810669, 0.03599163517355919, -0.03108246996998787, -2.9849131107330322, 1594933712548.79]
[-0.15101219713687897, 0.2549963891506195, -1.0141546726226807, 0.03593044355511665, -0.028111252933740616, -2.9991352558135986, 1594933712682.792]
[-0.15646851062774658, 0.2506352365016937, -1.015977382659912, 0.03568458929657936, -0.03269806131720543, -3.0008020401000977, 1594933712877.5188]
[-0.15927468240261078, 0.2394813746213913, -1.0208228826522827, 0.04189112409949303, -0.03812318667769432, -3.0056912899017334, 1594933712944.532]
[-0.16590434312820435, 0.23003306984901428, -1.0232069492340088, 0.041116729378700256, -0.03790806233882904, -3.0056583881378174, 1594933712990.0752]
[-0.1700797826051712, 0.22236543893814087, -1.0244231224060059, 0.04225800931453705, -0.04372479394078255, -3.0055806636810303, 1594933713184.4028]
[-0.18603794276714325, 0.19401203095912933, -1.0194075107574463, 0.041826944798231125, -0.04423427954316139, -3.0179550647735596, 1594933713285.34]
[-0.19048576056957245, 0.18229465186595917, -1.0185320377349854, 0.04070514068007469, -0.0434555858373642, -3.028221607208252, 1594933713338.6992]
[-0.19690173864364624, 0.16256381571292877, -1.013715386390686, 0.04254912957549095, -0.04503638669848442, -3.0453946590423584, 1594933713411.316]
[-0.1999172419309616, 0.1468576043844223, -1.005726933479309, 0.04299555718898773, -0.04099268838763237, -3.061055898666382, 1594933713553.6511]
[-0.20851047337055206, 0.12414877861738205, -0.9994442462921143, 0.035968270152807236, -0.03878625109791756, -3.0747323036193848, 1594933713597.814]
[-0.2142658233642578, 0.10919718444347382, -0.9986779093742371, 0.03907744586467743, -0.03423609957098961, -3.0845682621002197, 1594933713644.2312]
[-0.21709877252578735, 0.10180039703845978, -0.9981894493103027, 0.03545493632555008, -0.035670410841703415, -3.086656093597412, 1594933713702.529]
[-0.2225712686777115, 0.08936440944671631, -0.9948035478591919, 0.03704633191227913, -0.029811082407832146, -3.092620372772217, 1594933713803.988]
[-0.22672098875045776, 0.0590890571475029, -0.994414210319519, 0.03135869279503822, -0.02644173800945282, -3.1143386363983154, 1594933713900.2969]
[-0.22672098875045776, 0.0590890571475029, -0.994414210319519, 0.031358733773231506, -0.02644173800945282, -3.1143386363983154, 1594933713953.523]
[-0.2272075116634369, 0.03398808836936951, -0.9946594834327698, 0.027728773653507233, -0.025431018322706223, -3.1313905715942383, 1594933714124.2458]
[-0.2266773283481598, 0.013116667047142982, -0.9985037446022034, 0.0291893407702446, -0.024022318422794342, -3.144350528717041, 1594933714131.836]
[-0.22552847862243652, 0.002167855156585574, -0.996405303478241, 0.02993161976337433, -0.024454202502965927, -3.144554615020752, 1594933714190.393]
[-0.22483104467391968, -0.009760912507772446, -1.0021629333496094, 0.025766991078853607, -0.023211395367980003, -3.151521921157837, 1594933714325.165]
[-0.2110789567232132, -0.04429621994495392, -0.9931954741477966, 0.017550811171531677, -0.033173996955156326, -3.173558473587036, 1594933714461.056]
[-0.20050029456615448, -0.07732672989368439, -0.992961585521698, 0.007043161895126104, -0.03602093085646629, -3.187670946121216, 1594933714530.086]
[-0.1971704214811325, -0.0875595360994339, -0.990767776966095, 0.007910492829978466, -0.035802338272333145, -3.1888844966888428, 1594933714610.323]
[-0.1960298866033554, -0.09206025302410126, -0.9907562732696533, 0.006335679907351732, -0.03525150567293167, -3.1865808963775635, 1594933714671.963]
[-0.19209256768226624, -0.10156058520078659, -0.9832622408866882, 0.0066273389384150505, -0.036131106317043304, -3.186176061630249, 1594933714740.0688]
[-0.1847165822982788, -0.11572527140378952, -0.9751706123352051, 0.0034748066682368517, -0.03574315086007118, -3.186112403869629, 1594933714876.03]
[-0.1847165822982788, -0.11572527140378952, -0.9751706123352051, 0.0034749582409858704, -0.03574312850832939, -3.186112403869629, 1594933714943.063]
[-0.1745191216468811, -0.13560368120670319, -0.969284176826477, -0.0007062782533466816, -0.038214679807424545, -3.177292585372925, 1594933715012.974]
[-0.16517455875873566, -0.14514650404453278, -0.9693524837493896, -0.001626169658266008, -0.03360671177506447, -3.169163703918457, 1594933715079.193]
[-0.1580122858285904, -0.1498912125825882, -0.9698519706726074, -0.0019396106945350766, -0.035995155572891235, -3.166348934173584, 1594933715214.877]
[-0.1500476747751236, -0.15426065027713776, -0.9711264967918396, -0.0008539935806766152, -0.03557027131319046, -3.1650195121765137, 1594933715222.552]
[-0.13684912025928497, -0.1585524082183838, -0.9727141261100769, 0.0013134594773873687, -0.03193839639425278, -3.1614041328430176, 1594933715350.854]
[-0.12803424894809723, -0.15932759642601013, -0.972780168056488, -0.0012845922028645873, -0.032090287655591965, -3.154428482055664, 1594933715418.8472]
[-0.11939223855733871, -0.15971234440803528, -0.9708650708198547, -0.0015296482015401125, -0.03466955944895744, -3.149489402770996, 1594933715485.7932]
[-0.11072700470685959, -0.16152846813201904, -0.9672233462333679, -0.005098504014313221, -0.027849949896335602, -3.1386337280273438, 1594933715554.021]
[-0.10073216259479523, -0.1645120233297348, -0.963074803352356, -0.0013115504989400506, -0.021183209493756294, -3.1253504753112793, 1594933715698.988]
[-0.09667298942804337, -0.16801542043685913, -0.9630396962165833, -0.0018926506163552403, -0.010757366195321083, -3.122770071029663, 1594933715759.045]
[-0.08467430621385574, -0.17162053287029266, -0.9606369137763977, 0.009598514065146446, -0.001791022950783372, -3.1320903301239014, 1594933715835.708]
[-0.05143500864505768, -0.1764858514070511, -0.9513756632804871, 0.005154667887836695, -0.002310210606083274, -3.1248929500579834, 1594933715963.0972]
[-0.04662466421723366, -0.17703749239444733, -0.9528841376304626, 0.008021204732358456, 0.0004016129532828927, -3.121469736099243, 1594933716031.677]
[-0.03828439116477966, -0.1768730878829956, -0.9585695862770081, 0.00884731113910675, 0.0063652838580310345, -3.116117000579834, 1594933716039.365]
[-0.034187473356723785, -0.17632651329040527, -0.9595145583152771, 0.00942692905664444, 0.0043457308784127235, -3.1134932041168213, 1594933716098.137]
[-0.0250595360994339, -0.1755092740058899, -0.961454451084137, 0.010936878621578217, 0.0023030361626297235, -3.1109139919281006, 1594933716174.0242]
[-0.014563498087227345, -0.17495538294315338, -0.9640463590621948, 0.012805650010704994, 0.00409441813826561, -3.1131949424743652, 1594933716232.5698]
[0.007854403927922249, -0.17843955755233765, -0.9925268888473511, 0.00193520518951118, -0.06107025220990181, -3.117551803588867, 1594933716300.625]
[0.016393819823861122, -0.17170874774456024, -0.9619094133377075, 0.0137442946434021, -0.006335822399705648, -3.1096556186676025, 1594933716438.561]
[0.031017111614346504, -0.16964396834373474, -0.957462728023529, 0.017781849950551987, -0.008262299932539463, -3.108900547027588, 1594933716446.524]
[0.04237804189324379, -0.16728679835796356, -0.9540472626686096, 0.018762467429041862, -0.008814887143671513, -3.1098718643188477, 1594933716505.5251]
[0.05742295831441879, -0.16596901416778564, -0.9488685727119446, 0.017332768067717552, -0.01433798111975193, -3.114940643310547, 1594933716582.74]
[0.06950545310974121, -0.16945748031139374, -0.9519686102867126, 0.010671901516616344, -0.013603323139250278, -3.1154072284698486, 1594933716641.471]
[0.08524766564369202, -0.16315576434135437, -0.9548336267471313, 0.004652826115489006, -0.014870168641209602, -3.1163828372955322, 1594933716779.4011]
[0.08970419317483902, -0.15900348126888275, -0.958118200302124, 0.006054207216948271, -0.015200242400169373, -3.113588809967041, 1594933716787.139]
[0.10117711126804352, -0.14631839096546173, -0.9643558859825134, 0.001295548747293651, -0.017496734857559204, -3.105952501296997, 1594933716845.43]
[0.10789201408624649, -0.137370765209198, -0.9665002226829529, 0.004147856030613184, -0.013721845112740993, -3.1034417152404785, 1594933716913.467]
[0.1164742261171341, -0.12302086502313614, -0.9691571593284607, 0.00027716023032553494, -0.016609948128461838, -3.0953497886657715, 1594933717055.6792]
[0.12529504299163818, -0.10723035037517548, -0.971428394317627, -0.0021861977875232697, -0.014638863503932953, -3.0897884368896484, 1594933717120.7012]
[0.1346609890460968, -0.09001844376325607, -0.9740790724754333, 0.001436704769730568, -0.01567763462662697, -3.0868637561798096, 1594933717257.3062]
[0.13739609718322754, -0.08454415947198868, -0.9756662845611572, -0.0011910719331353903, -0.012333031743764877, -3.0853383541107178, 1594933717265.146]
[0.14237293601036072, -0.07369044423103333, -0.9786038994789124, -0.0022813649848103523, -0.012496615760028362, -3.0794284343719482, 1594933717324.43]
[0.1485472023487091, -0.05640415847301483, -0.977850079536438, -0.002984865801408887, -0.01298619993031025, -3.0684800148010254, 1594933717459.244]
[0.15278322994709015, -0.044622208923101425, -0.9795584082603455, -0.0002455567300785333, -0.012440184131264687, -3.0627641677856445, 1594933717526.273]
[0.15895670652389526, -0.02554980106651783, -0.9825181365013123, 0.0016245495062321424, -0.005806292407214642, -3.057716131210327, 1594933717595.216]
[0.16406455636024475, -0.0033794029150158167, -0.9838349223136902, 0.006458228919655085, -0.009584606625139713, -3.052490711212158, 1594933717731.272]
[0.167252317070961, 0.015307214111089706, -0.9891430139541626, 0.0210175309330225, -0.005448298994451761, -3.052037239074707, 1594933717871.1492]
[0.17148509621620178, 0.03442825376987457, -0.9834736585617065, 0.04219776764512062, -0.012269421480596066, -3.054429531097412, 1594933717878.76]
[0.16938449442386627, 0.04904438927769661, -0.970239520072937, 0.032948900014162064, -0.01600557006895542, -3.04414963722229, 1594933717940.181]
[0.1687750518321991, 0.05488697066903114, -0.9756670594215393, 0.024172421544790268, -0.016320951282978058, -3.042564630508423, 1594933718010.154]
[0.1668521761894226, 0.0663178339600563, -0.978888988494873, 0.027613112702965736, -0.01812666654586792, -3.0444812774658203, 1594933718018.126]
[0.16583240032196045, 0.07664670795202255, -0.9662230014801025, 0.027441298589110374, -0.0248416718095541, -3.058389902114868, 1594933718145.151]
[0.16548016667366028, 0.0793161690235138, -0.9503406286239624, 0.03703615441918373, -0.033213891088962555, -3.058926582336426, 1594933718152.883]
[0.1633361130952835, 0.08805986493825912, -0.9784365296363831, 0.041722025722265244, -0.022037800401449203, -3.0615625381469727, 1594933718279.226]
[0.16255389153957367, 0.09213843941688538, -0.9798672199249268, 0.0386028029024601, -0.023422136902809143, -3.0666675567626953, 1594933718348.096]
[0.16215528547763824, 0.09456076472997665, -0.9801817536354065, 0.046291280537843704, -0.02415221743285656, -3.0714991092681885, 1594933718416.987]
[0.1607653796672821, 0.09913264960050583, -0.9807135462760925, 0.03788619115948677, -0.021614713594317436, -3.0790982246398926, 1594933718551.992]
[0.15914671123027802, 0.1062178909778595, -0.9798911213874817, 0.042667221277952194, -0.024084948003292084, -3.0883936882019043, 1594933718619.066]
[0.15860025584697723, 0.11069469898939133, -0.981035590171814, 0.041989516466856, -0.02101258933544159, -3.097156286239624, 1594933718689.2148]
[0.15834194421768188, 0.11265289783477783, -0.980994701385498, 0.04561295732855797, -0.022374004125595093, -3.1000053882598877, 1594933718754.128]
[0.15763123333454132, 0.1163395568728447, -0.9805414080619812, 0.042713578790426254, -0.026917221024632454, -3.1077916622161865, 1594933718824.948]
[0.1572173535823822, 0.11783744394779205, -0.9801170825958252, 0.046987999230623245, -0.02799837291240692, -3.111463785171509, 1594933718895.046]
