[-1747552.125, -3.3025498108439826e-24, 9.399776511908302e-32, -1.8679733197567796e-26, -33393.234375, 1498375.5, 1595621890860.117]
[-0.09850449860095978, 0.004637916572391987, -2.183492660522461, 0.017623726278543472, 0.022781265899538994, -3.151935577392578, 1595621890993.002]
[-0.09850174933671951, 0.00463508116081357, -2.1833670139312744, 0.01870383322238922, 0.018650194630026817, -3.1518394947052, 1595621891001.566]
[-0.09851010143756866, 0.004644306376576424, -2.1836116313934326, 0.013170306570827961, 0.024017896503210068, -3.1520543098449707, 1595621891061.882]
[-0.09850272536277771, 0.004635603167116642, -2.183368444442749, 0.018715649843215942, 0.01864456571638584, -3.1518468856811523, 1595621891069.679]
[-0.09850778430700302, 0.0046415007673203945, -2.183497190475464, 0.014487470500171185, 0.019659874960780144, -3.151970148086548, 1595621891130.046]
[-0.09851357340812683, 0.0046489485539495945, -2.1836299896240234, 0.009919451549649239, 0.021250398829579353, -3.1521124839782715, 1595621891260.587]
[-0.09851010888814926, 0.004644309636205435, -2.1836118698120117, 0.013171215541660786, 0.024035852402448654, -3.15205454826355, 1595621891324.31]
[-0.09850917756557465, 0.004643940832465887, -2.183577537536621, 0.013161168433725834, 0.024000106379389763, -3.15205454826355, 1595621891333.689]
[-0.09850900620222092, 0.004644899629056454, -2.183462142944336, 0.01127608958631754, 0.017112944275140762, -3.1520276069641113, 1595621891399.998]
[-0.09850848466157913, 0.004699746146798134, -2.1843957901000977, 0.011265840381383896, 0.020234495401382446, -3.1533093452453613, 1595621891469.6409]
[-0.09851090610027313, 0.004645999986678362, -2.183502674102783, 0.011288157664239407, 0.01720249094069004, -3.1520373821258545, 1595621891530.532]
[-0.09842538833618164, 0.0048294379375875, -2.1832785606384277, 0.013360868208110332, 0.022548262029886246, -3.1545112133026123, 1595621891540.121]
[-0.09850619733333588, 0.00469630490988493, -2.1842763423919678, 0.012663506902754307, 0.016203997656702995, -3.153217315673828, 1595621891604.691]
[-0.09842575341463089, 0.004830151796340942, -2.1833035945892334, 0.01337896566838026, 0.022527474910020828, -3.1545281410217285, 1595621891612.9749]
[-0.0983918085694313, 0.00484705762937665, -2.1810622215270996, 0.013979438692331314, 0.016346672549843788, -3.154038906097412, 1595621891754.68]
[-0.09851585328578949, 0.0047940341755747795, -2.181603193283081, 0.012448262423276901, 0.01883872039616108, -3.1518149375915527, 1595621891763.25]
[-0.0984974279999733, 0.004922073800116777, -2.1835434436798096, 0.015888985246419907, 0.024361319839954376, -3.154876232147217, 1595621891818.315]
[-0.09849932789802551, 0.00481291301548481, -2.1803386211395264, 0.011401725932955742, 0.01637204736471176, -3.1514668464660645, 1595621891893.7312]
[-0.09867879748344421, 0.004831654950976372, -2.1805195808410645, 0.010193767957389355, 0.013088996522128582, -3.1491527557373047, 1595621892022.512]
[-0.09868980944156647, 0.004883776884526014, -2.1798481941223145, 0.007402608171105385, 0.015089132823050022, -3.150491237640381, 1595621892096.117]
[-0.09868612885475159, 0.00487709604203701, -2.1797537803649902, 0.011455610394477844, 0.014063771814107895, -3.1503570079803467, 1595621892163.262]
[-0.09886056929826736, 0.0049324044957757, -2.1825687885284424, 0.00857548601925373, 0.016409358009696007, -3.1501669883728027, 1595621892230.874]
[-0.0991784930229187, 0.005102262832224369, -2.1880292892456055, 0.008424230851233006, 0.019693749025464058, -3.1493358612060547, 1595621892298.2249]
[-0.09922318160533905, 0.00516374921426177, -2.1895034313201904, 0.010947910137474537, 0.01515256054699421, -3.1503512859344482, 1595621892366.7358]
[-0.0991775169968605, 0.005099218804389238, -2.1878561973571777, 0.008718438446521759, 0.011475465260446072, -3.1492421627044678, 1595621892502.249]
[-0.0991765633225441, 0.00509951077401638, -2.18784236907959, 0.008727109991014004, 0.011466928757727146, -3.1492488384246826, 1595621892510.677]
[-0.09890290349721909, 0.005322689656168222, -2.182549476623535, 0.015027194283902645, 0.010529381223022938, -3.1520040035247803, 1595621892570.7148]
[-0.09911088645458221, 0.005380305927246809, -2.1824071407318115, 0.010210979729890823, 0.01111962366849184, -3.1496803760528564, 1595621892638.885]
[-0.09914500266313553, 0.005444889422506094, -2.1838278770446777, 0.01181783527135849, 0.010397842153906822, -3.150836944580078, 1595621892767.749]
[-0.0989961177110672, 0.0054380688816308975, -2.1821718215942383, 0.011704635806381702, 0.008555019274353981, -3.1495883464813232, 1595621892843.3298]
[-0.09899599105119705, 0.005435170140117407, -2.1821978092193604, 0.013960706070065498, 0.011576398275792599, -3.149529218673706, 1595621892909.519]
[-0.09899672865867615, 0.005435665603727102, -2.1822128295898438, 0.013957777060568333, 0.011572360061109066, -3.149535894393921, 1595621893055.0498]
[-0.09888475388288498, 0.005451548378914595, -2.181210994720459, 0.014478625729680061, 0.00986179243773222, -3.150822401046753, 1595621893072.397]
[-0.0990089476108551, 0.005358101334422827, -2.1834568977355957, 0.01593366637825966, 0.012183045037090778, -3.149876594543457, 1595621893081.007]
[-0.09899697452783585, 0.005434687249362469, -2.182217597961426, 0.0139778396114707, 0.011567842215299606, -3.149526596069336, 1595621893188.353]
[-0.0991433709859848, 0.005368887912482023, -2.18513822555542, 0.016128651797771454, 0.013722424395382404, -3.149003505706787, 1595621893198.172]
[-0.0989961251616478, 0.005322969052940607, -2.1827430725097656, 0.015015115961432457, 0.012661229819059372, -3.149202346801758, 1595621893207.438]
[-0.09899237751960754, 0.005430413875728846, -2.1821658611297607, 0.017935913056135178, 0.013270534574985504, -3.1494550704956055, 1595621893324.623]
[-0.09888866543769836, 0.005454398691654205, -2.1814169883728027, 0.014559370465576649, 0.01793891005218029, -3.15092396736145, 1595621893333.131]
[-0.09888427704572678, 0.005449480377137661, -2.1813807487487793, 0.01820741593837738, 0.019840842112898827, -3.1508758068084717, 1595621893341.69]
[-0.0989958643913269, 0.005435862112790346, -2.1822075843811035, 0.013978985138237476, 0.011562349274754524, -3.149545669555664, 1595621893350.5818]
[-0.09888483583927155, 0.005450564902275801, -2.1813619136810303, 0.01823604665696621, 0.019830413162708282, -3.1508548259735107, 1595621893468.4082]
[-0.09888344258069992, 0.005445069633424282, -2.1811962127685547, 0.01839538663625717, 0.011576347053050995, -3.1507062911987305, 1595621893477.712]
[-0.09871864318847656, 0.005483731161803007, -2.1800835132598877, 0.019220873713493347, 0.017098357900977135, -3.1530115604400635, 1595621893534.482]
[-0.09875154495239258, 0.005439710803329945, -2.179753065109253, 0.018031766638159752, 0.01826666109263897, -3.1517698764801025, 1595621893600.208]
[-0.09875065833330154, 0.0054405201226472855, -2.179730176925659, 0.018052197992801666, 0.018254438415169716, -3.151776075363159, 1595621893668.911]
[-0.09900673478841782, 0.005259341094642878, -2.1868326663970947, 0.012765117920935154, 0.016827013343572617, -3.151550054550171, 1595621893737.092]
[-0.09903881698846817, 0.0052152215503156185, -2.1864781379699707, 0.011573894880712032, 0.0179795790463686, -3.150283098220825, 1595621893874.5889]
[-0.0992238000035286, 0.005167689640074968, -2.1896002292633057, 0.01012546755373478, 0.019107475876808167, -3.150437116622925, 1595621894077.615]
[-0.09922444820404053, 0.005166138056665659, -2.1895973682403564, 0.010101156309247017, 0.019138596951961517, -3.1504147052764893, 1595621894085.865]
[-0.0991765558719635, 0.005100051872432232, -2.1879289150238037, 0.00930024404078722, 0.015770548954606056, -3.149280071258545, 1595621894215.656]
[-0.09922324120998383, 0.005164158996194601, -2.189511299133301, 0.01096288301050663, 0.015178569592535496, -3.150360345840454, 1595621894296.543]
[-0.09902314841747284, 0.005022108089178801, -2.1848599910736084, 0.006813058629631996, 0.010919541120529175, -3.148792028427124, 1595621894304.882]
[-0.0988645926117897, 0.004934287630021572, -2.182629108428955, 0.008585052564740181, 0.01638578437268734, -3.1501553058624268, 1595621894355.72]
[-0.09886283427476883, 0.004934001248329878, -2.182602882385254, 0.008591693826019764, 0.01637984998524189, -3.150155544281006, 1595621894363.772]
[-0.09917598217725754, 0.005099579691886902, -2.187837839126587, 0.00871235504746437, 0.011462935246527195, -3.1492526531219482, 1595621894432.485]
[-0.09926550835371017, 0.0050085727125406265, -2.187429666519165, 0.010711884126067162, 0.012743755243718624, -3.1464359760284424, 1595621894491.565]
[-0.0994323268532753, 0.005092170555144548, -2.190615653991699, 0.008388122543692589, 0.014817684888839722, -3.1469509601593018, 1595621894499.674]
[-0.09928862005472183, 0.005204998422414064, -2.1867942810058594, 0.011694401502609253, 0.015490846708416939, -3.148740291595459, 1595621894560.97]
[-0.0992841124534607, 0.005256838630884886, -2.1867074966430664, 0.013069907203316689, 0.01546528097242117, -3.1478848457336426, 1595621894569.983]
[-0.09943161904811859, 0.005092323757708073, -2.190603733062744, 0.008409716188907623, 0.01480818446725607, -3.1469500064849854, 1595621894634.916]
[-0.09928597509860992, 0.0052066100761294365, -2.1867363452911377, 0.011707502417266369, 0.015500633046030998, -3.1487443447113037, 1595621894643.462]
[-0.09928764402866364, 0.005204991903156042, -2.186781167984009, 0.011695876717567444, 0.015480665490031242, -3.1487414836883545, 1595621894703.2112]
[-0.09911296516656876, 0.005119767971336842, -2.183263063430786, 0.012849923223257065, 0.0025308532640337944, -3.148139476776123, 1595621894711.377]
[-0.09645938873291016, 0.004914648365229368, -2.146712303161621, 0.017381196841597557, 0.014233175665140152, -3.1530773639678955, 1595621894834.247]
[-0.09434999525547028, 0.004654724150896072, -2.120725631713867, 0.013419312424957752, 0.01609736867249012, -3.1508822441101074, 1595621894906.439]
[-0.09114386141300201, 0.004105921369045973, -2.072683811187744, 0.018719760701060295, 0.010367251001298428, -3.1519505977630615, 1595621894915.928]
[-0.08995994925498962, 0.003907333128154278, -2.0555012226104736, 0.01518024317920208, 0.02344285324215889, -3.1545557975769043, 1595621894976.156]
[-0.08628100156784058, 0.00367731973528862, -2.0034103393554688, 0.020868394523859024, 0.018396487459540367, -3.1561520099639893, 1595621895039.254]
[-0.08432773500680923, 0.0032459513749927282, -1.9833314418792725, 0.008685622364282608, 0.0142389927059412, -3.152125835418701, 1595621895110.1128]
[-0.0813126266002655, 0.0029362626373767853, -1.9400784969329834, 0.015000698156654835, 0.014182718470692635, -3.1510868072509766, 1595621895118.735]
[-0.07959999889135361, 0.0027316787745803595, -1.9126992225646973, 0.020195692777633667, 0.021075554192066193, -3.1530964374542236, 1595621895180.512]
[-0.0765867531299591, 0.002271979581564665, -1.8721610307693481, 0.012288084253668785, 0.020089956000447273, -3.1542367935180664, 1595621895246.928]
[-0.07450460642576218, 0.001911926199682057, -1.8425326347351074, 0.012449226342141628, 0.013406393118202686, -3.150944471359253, 1595621895318.0671]
[-0.07156871259212494, 0.0017150950152426958, -1.8001916408538818, 0.00806588027626276, 0.01276059728115797, -3.1515581607818604, 1595621895383.771]
[-0.07004164904356003, 0.0013626368017867208, -1.7795313596725464, 0.015919269993901253, 0.019531549885869026, -3.1530814170837402, 1595621895453.041]
[-0.06674880534410477, 0.0008635134436190128, -1.7319080829620361, 0.010943690314888954, 0.01632971316576004, -3.153362274169922, 1595621895521.2148]
[-0.06183376908302307, 0.0002513286017347127, -1.6641292572021484, 0.015113533474504948, 0.017422035336494446, -3.150838851928711, 1595621895669.426]
[-0.060231227427721024, 4.255998192093102e-06, -1.643088936805725, 0.011125973425805569, 0.01799602247774601, -3.15431547164917, 1595621895736.1729]
[-0.05709931254386902, -0.00019795923435594887, -1.59891676902771, 0.013299696147441864, 0.016634119674563408, -3.1526291370391846, 1595621895804.6]
[-0.05547991022467613, -0.0005078409449197352, -1.575133204460144, 0.008500604890286922, 0.01715833880007267, -3.153442859649658, 1595621895813.242]
[-0.05218174681067467, -0.0008924230351112783, -1.5281671285629272, 0.011415082961320877, 0.016041511669754982, -3.151845693588257, 1595621895870.775]
[-0.0504547655582428, -0.0010790033265948296, -1.5044907331466675, 0.009003137238323689, 0.01722293347120285, -3.1502439975738525, 1595621895879.8772]
[-0.04735323786735535, -0.0015219207853078842, -1.4609578847885132, 0.014426261186599731, 0.01582721248269081, -3.153167486190796, 1595621895921.8699]
[-0.04243746027350426, -0.002225471194833517, -1.3906458616256714, 0.00949779525399208, 0.01325373537838459, -3.1535346508026123, 1595621895931.448]
[-0.040910813957452774, -0.0024100535083562136, -1.3688393831253052, 0.012905561365187168, 0.015880350023508072, -3.1539313793182373, 1595621895939.0881]
[-0.03760632872581482, -0.0028389333747327328, -1.3216552734375, 0.014737695455551147, 0.01673094742000103, -3.155651092529297, 1595621895956.833]
[-0.03591223433613777, -0.002973774215206504, -1.2976444959640503, 0.013335957191884518, 0.017018795013427734, -3.1528432369232178, 1595621895964.4958]
[-0.03282783180475235, -0.003581196302548051, -1.2543128728866577, 0.010289146564900875, 0.013521339744329453, -3.1534805297851562, 1595621896008.552]
[-0.02961231954395771, -0.0039003577549010515, -1.2082233428955078, 0.006048419512808323, 0.012275327928364277, -3.153568983078003, 1595621896065.71]
[-0.026401756331324577, -0.004265038762241602, -1.1620866060256958, 0.01435309648513794, 0.01454142201691866, -3.155672311782837, 1595621896120.342]
[-0.023107891902327538, -0.004916882608085871, -1.1141330003738403, 0.011245116591453552, 0.014912358485162258, -3.154890775680542, 1595621896220.388]
[-0.02139398269355297, -0.005124295596033335, -1.0904667377471924, 0.013767682015895844, 0.015048656612634659, -3.1562464237213135, 1595621896262.357]
[-0.016695426777005196, -0.005914599634706974, -1.023393154144287, 0.01025234442204237, 0.014645123854279518, -3.1539306640625, 1595621896313.3618]
[-0.011921201832592487, -0.006573794409632683, -0.9560788869857788, 0.012224307283759117, 0.012577716261148453, -3.1547534465789795, 1595621896415.3691]
[-0.008801499381661415, -0.007026705890893936, -0.9110841155052185, 0.013265774585306644, 0.017109906300902367, -3.1553566455841064, 1595621896517.272]
[-0.007090016268193722, -0.0071729267947375774, -0.8866856694221497, 0.013825895264744759, 0.01243290863931179, -3.156222343444824, 1595621896584.777]
[-0.003944959491491318, -0.00767881702631712, -0.8417384028434753, 0.013935533352196217, 0.010077751241624355, -3.1573662757873535, 1595621896625.607]
[-0.0023723903577774763, -0.007903332822024822, -0.8180258870124817, 0.012185978703200817, 0.012367510236799717, -3.155466318130493, 1595621896675.783]
[0.0023784488439559937, -0.008575689047574997, -0.7504237294197083, 0.011885583400726318, 0.012523835524916649, -3.1564583778381348, 1595621896717.396]
[0.005602169781923294, -0.009144780226051807, -0.7040611505508423, 0.010870561003684998, 0.01321527361869812, -3.1567208766937256, 1595621896780.687]
[0.00721782399341464, -0.009371859021484852, -0.6817270517349243, 0.010970435105264187, 0.011652019806206226, -3.1563303470611572, 1595621896817.1748]
[0.009426720440387726, -0.009724503383040428, -0.6507941484451294, 0.014299239031970501, 0.03048853576183319, -3.155062675476074, 1595621896874.7]
[0.009952115826308727, -0.009782107546925545, -0.6430671811103821, 0.015545130707323551, 0.019254295155405998, -3.1544039249420166, 1595621896917.065]
[0.010571449063718319, -0.009797454811632633, -0.6342107653617859, 0.0167921744287014, 0.02369663305580616, -3.154348373413086, 1595621896994.101]
[0.010623704642057419, -0.009829866699874401, -0.6323773264884949, 0.014334938488900661, 0.018211061134934425, -3.153780937194824, 1595621897060.965]
[0.010595395229756832, -0.009837733581662178, -0.6320798397064209, 0.01503542996942997, 0.01832479052245617, -3.153181791305542, 1595621897196.908]
[0.01059533841907978, -0.00984093639999628, -0.6320644617080688, 0.016059502959251404, 0.018321603536605835, -3.1531894207000732, 1595621897264.131]
[0.010559423826634884, -0.009829943999648094, -0.6320928931236267, 0.015823649242520332, 0.01911161281168461, -3.1529908180236816, 1595621897400.812]
[0.01059697289019823, -0.009904738515615463, -0.6320306062698364, 0.015458894893527031, 0.018699193373322487, -3.153766632080078, 1595621897466.816]
[0.010569863952696323, -0.009884352795779705, -0.6318492889404297, 0.016571179032325745, 0.01772090047597885, -3.153101682662964, 1595621897545.563]
[0.010533825494349003, -0.009900081902742386, -0.6332141757011414, 0.016654275357723236, 0.02429775334894657, -3.1550161838531494, 1595621897604.678]
[0.008947349153459072, -0.009609736502170563, -0.6613538265228271, 0.022026412189006805, 0.08271436393260956, -3.152022123336792, 1595621897674.0461]
[0.007163067813962698, -0.009248842485249043, -0.6798809170722961, 0.016591403633356094, 0.014536041766405106, -3.151987314224243, 1595621897681.2961]
[0.00420669000595808, -0.008991904556751251, -0.7231059074401855, 0.016101684421300888, 0.01737988367676735, -3.152238607406616, 1595621897740.662]
[-0.0006215887842699885, -0.008469722233712673, -0.7914159893989563, 0.01598437689244747, 0.015278339385986328, -3.1517670154571533, 1595621897807.5881]
[-0.0053487177938222885, -0.007800075691193342, -0.8604181408882141, 0.016168061643838882, 0.01772901974618435, -3.152714490890503, 1595621897943.4832]
[-0.010058136656880379, -0.007053527049720287, -0.9263143539428711, 0.01538151130080223, 0.013565443456172943, -3.152604341506958, 1595621898081.343]
[-0.014921117573976517, -0.0064933220855891705, -0.9961453080177307, 0.015032566152513027, 0.017885394394397736, -3.152533769607544, 1595621898166.719]
[-0.01959981955587864, -0.005867954343557358, -1.0629547834396362, 0.014365032315254211, 0.018024519085884094, -3.152517795562744, 1595621898362.653]
[-0.021299608051776886, -0.005616148933768272, -1.0883804559707642, 0.014619545079767704, 0.019569892436265945, -3.1512351036071777, 1595621898432.086]
[-0.026036180555820465, -0.004849046468734741, -1.1574954986572266, 0.015045011416077614, 0.015072132460772991, -3.151923179626465, 1595621898569.267]
[-0.030884502455592155, -0.004103471525013447, -1.2250913381576538, 0.01719960756599903, 0.015360383316874504, -3.151886224746704, 1595621898577.128]
[-0.03565700352191925, -0.0034346769098192453, -1.2931958436965942, 0.016655253246426582, 0.01542744878679514, -3.1517419815063477, 1595621898764.9219]
[-0.03891772776842117, -0.0030071325600147247, -1.3388489484786987, 0.014605826698243618, 0.01836303621530533, -3.1516315937042236, 1595621898781.6602]
[-0.04383498430252075, -0.0022658223751932383, -1.4061217308044434, 0.016848033294081688, 0.018393149599432945, -3.150636911392212, 1595621898903.851]
[-0.050256967544555664, -0.0014563539298251271, -1.4991952180862427, 0.013897671364247799, 0.015168160200119019, -3.1532468795776367, 1595621898919.85]
[-0.053580570966005325, -0.0011229527881368995, -1.5447198152542114, 0.013095772825181484, 0.017294222488999367, -3.150252342224121, 1595621899045.035]
[-0.056794941425323486, -0.0007555112242698669, -1.589016318321228, 0.008795325644314289, 0.020691262558102608, -3.149911642074585, 1595621899053.132]
[-0.06023148074746132, -0.000194033287698403, -1.6366474628448486, 0.011645947583019733, 0.020796777680516243, -3.1514899730682373, 1595621899114.468]
[-0.06492950767278671, 0.0004934718017466366, -1.702906847000122, 0.0045975022949278355, 0.01728459633886814, -3.1528942584991455, 1595621899191.6821]
[-0.06834261119365692, 0.0009905314072966576, -1.7486246824264526, 0.011829734779894352, 0.02121397666633129, -3.151245355606079, 1595621899251.333]
[-0.0699872374534607, 0.0010403621708974242, -1.7732627391815186, 0.012967684306204319, 0.021444421261548996, -3.1523666381835938, 1595621899318.061]
[-0.07326512783765793, 0.0017024957342073321, -1.8203282356262207, 0.012759200297296047, 0.01747429557144642, -3.1510775089263916, 1595621899326.959]
[-0.07486627250909805, 0.001876422087661922, -1.8445205688476562, 0.011537688784301281, 0.02071259915828705, -3.150841236114502, 1595621899387.792]
[-0.07803525030612946, 0.0023158651310950518, -1.8883252143859863, 0.01291387528181076, 0.015136747620999813, -3.1518309116363525, 1595621899455.789]
[-0.07977337390184402, 0.0025614977348595858, -1.9116793870925903, 0.015749000012874603, 0.019392140209674835, -3.1514415740966797, 1595621899518.375]
[-0.08322950452566147, 0.0029860110953450203, -1.9602859020233154, 0.011704714968800545, 0.014952408149838448, -3.1514058113098145, 1595621899526.29]
[-0.0846032202243805, 0.003185303183272481, -1.97744882106781, 0.01509256660938263, 0.017155099660158157, -3.150580406188965, 1595621899593.791]
[-0.08722896128892899, 0.0033862432464957237, -2.01251482963562, 0.012590968050062656, -0.008741642348468304, -3.1519761085510254, 1595621899661.824]
[-0.08404965698719025, 0.003141791792586446, -1.970563292503357, 0.008262465707957745, 0.02491726726293564, -3.1515893936157227, 1595621899794.761]
[-0.08071516454219818, 0.00280777714215219, -1.9252843856811523, 0.008134406991302967, 0.021334441378712654, -3.149829864501953, 1595621899865.8071]
[-0.07719992101192474, 0.0022443903144448996, -1.8754481077194214, 0.011162785813212395, 0.007180954795330763, -3.1532459259033203, 1595621899932.511]
[-0.07253006845712662, 0.0016884091310203075, -1.8100899457931519, 0.012775333598256111, 0.017902923747897148, -3.149643659591675, 1595621900007.8162]
[-0.06929898262023926, 0.0009984188945963979, -1.7383736371994019, 0.011431081220507622, 0.01426543015986681, -3.1526453495025635, 1595621900136.436]
[-0.06266528367996216, 0.0004395306168589741, -1.6713252067565918, 0.004566704388707876, 0.01472861971706152, -3.1542134284973145, 1595621900204.4119]
[-0.05947432667016983, 8.032457117224112e-05, -1.6258580684661865, 0.01686743088066578, 0.018631642684340477, -3.1540660858154297, 1595621900272.482]
[-0.05608731508255005, -0.000461064773844555, -1.5801805257797241, 0.006762837525457144, 0.017453240230679512, -3.1508431434631348, 1595621900340.3262]
[-0.0528455413877964, -0.0008468015003018081, -1.5332895517349243, 0.017810409888625145, 0.012870832346379757, -3.1539323329925537, 1595621900409.301]
[-0.0479062981903553, -0.0015089288353919983, -1.4650853872299194, 0.011070293374359608, 0.015321374870836735, -3.1530203819274902, 1595621900478.2358]
[-0.04458298534154892, -0.001879594405181706, -1.4164910316467285, 0.011939095333218575, 0.016637086868286133, -3.152102470397949, 1595621900485.935]
[-0.043074581772089005, -0.00220194342546165, -1.3980355262756348, 0.01260220818221569, 0.012834792956709862, -3.15360164642334, 1595621900546.8572]
[-0.03970510512590408, -0.002538171596825123, -1.3505175113677979, 0.014680817723274231, 0.012269890867173672, -3.153444290161133, 1595621900616.226]
[-0.03812147304415703, -0.0027846817392855883, -1.3274210691452026, 0.013217203319072723, 0.011791846714913845, -3.1537158489227295, 1595621900623.841]
[-0.03482953459024429, -0.003286555176600814, -1.2798000574111938, 0.00642737839370966, 0.015520816668868065, -3.154130458831787, 1595621900682.21]
[-0.03167659416794777, -0.0037718683015555143, -1.2367205619812012, 0.01043066754937172, 0.012451764196157455, -3.1523795127868652, 1595621900821.255]
[-0.02848505973815918, -0.004157817456871271, -1.1909053325653076, 0.013987880200147629, 0.0130184106528759, -3.1534104347229004, 1595621900829.052]
[-0.025269487872719765, -0.004696956370025873, -1.1442818641662598, 0.010903055779635906, 0.016441797837615013, -3.1541271209716797, 1595621900887.1218]
[-0.02365320548415184, -0.004867879208177328, -1.1230875253677368, 0.014221426099538803, 0.01347339991480112, -3.1547350883483887, 1595621900955.122]
[-0.020463192835450172, -0.0054675559513270855, -1.0739445686340332, 0.009162896312773228, 0.017000799998641014, -3.1551918983459473, 1595621901026.48]
[-0.018866220489144325, -0.005643764976412058, -1.05083167552948, 0.010733929462730885, 0.013750429265201092, -3.15541934967041, 1595621901093.395]
[-0.015592748299241066, -0.00606214115396142, -1.0065404176712036, 0.012282258830964565, 0.01393641997128725, -3.1561529636383057, 1595621901161.9302]
[-0.01392811257392168, -0.006370345130562782, -0.9835360646247864, 0.01036161184310913, 0.012246174737811089, -3.1549201011657715, 1595621901229.051]
[-0.010743447579443455, -0.006742068566381931, -0.9367072582244873, 0.012509397231042385, 0.01351026352494955, -3.1549055576324463, 1595621901298.028]
[-0.009112137369811535, -0.006934448145329952, -0.9153349995613098, 0.013592545874416828, 0.010856620967388153, -3.1549599170684814, 1595621901306.666]
[-0.005965880583971739, -0.007436106447130442, -0.8684023022651672, 0.011318334378302097, 0.013351047411561012, -3.1565535068511963, 1595621901367.798]
[-0.00439721392467618, -0.007699155248701572, -0.8469056487083435, 0.01019030250608921, 0.01377769373357296, -3.1549391746520996, 1595621901437.04]
[-0.0011685910867527127, -0.008172116242349148, -0.7998291850090027, 0.009760509245097637, 0.01073647104203701, -3.156071424484253, 1595621901504.957]
[0.0004072824085596949, -0.008461889810860157, -0.777583658695221, 0.011431243270635605, 0.014132448472082615, -3.155411720275879, 1595621901574.0981]
[0.00356030254624784, -0.008861692622303963, -0.7315635085105896, 0.012748632580041885, 0.012944539077579975, -3.156294107437134, 1595621901641.654]
[0.005171820987015963, -0.00915580801665783, -0.7088067531585693, 0.00998011976480484, 0.01247825101017952, -3.1565709114074707, 1595621901709.6382]
[0.008293179795145988, -0.009543889202177525, -0.6652012467384338, 0.012550970539450645, 0.01639174483716488, -3.156677007675171, 1595621901770.835]
[0.009334396570920944, -0.009619146585464478, -0.6518415808677673, 0.014850476756691933, 0.037091683596372604, -3.1540470123291016, 1595621901842.852]
[0.01054663211107254, -0.009812964126467705, -0.6325497627258301, 0.016197005286812782, 0.02318071946501732, -3.1548714637756348, 1595621901990.8682]
[0.010597492568194866, -0.009878167882561684, -0.6309779286384583, 0.016391249373555183, 0.020280318334698677, -3.1543350219726562, 1595621902124.381]
[0.010587199591100216, -0.00987617764621973, -0.6308706998825073, 0.016125371679663658, 0.02017364092171192, -3.1539809703826904, 1595621902132.695]
[0.010573167353868484, -0.009894448332488537, -0.6305983662605286, 0.016032127663493156, 0.020217550918459892, -3.154151201248169, 1595621902140.689]
[0.01055856328457594, -0.009830116294324398, -0.6306211352348328, 0.016573507338762283, 0.020270664244890213, -3.1531760692596436, 1595621902196.396]
[0.01055165845900774, -0.009865174070000648, -0.6308643221855164, 0.016326025128364563, 0.020109795033931732, -3.154181957244873, 1595621902260.4219]
[0.010556538589298725, -0.009832588955760002, -0.6304476261138916, 0.016331147402524948, 0.020213227719068527, -3.1533875465393066, 1595621902268.7422]
[0.01055209618061781, -0.009871064685285091, -0.6305147409439087, 0.016460081562399864, 0.019742874428629875, -3.1541852951049805, 1595621902277.162]
[0.010550185106694698, -0.009889399632811546, -0.630746066570282, 0.015521927736699581, 0.020063260570168495, -3.154082775115967, 1595621902285.995]
[0.010558994486927986, -0.009890645742416382, -0.6306633949279785, 0.01594538241624832, 0.01963849738240242, -3.154236078262329, 1595621902397.447]
[0.010573390871286392, -0.00992102175951004, -0.6308611631393433, 0.01612667366862297, 0.019475584849715233, -3.153771162033081, 1595621902405.7651]
[0.010583164170384407, -0.0099447350949049, -0.6308233141899109, 0.015708468854427338, 0.019186319783329964, -3.1535792350769043, 1595621902414.221]
[0.010577592067420483, -0.009917207062244415, -0.6308299899101257, 0.015695737674832344, 0.01959584467113018, -3.1534268856048584, 1595621902423.069]
[0.010580732487142086, -0.009928506799042225, -0.6308726072311401, 0.015012815594673157, 0.01968899369239807, -3.1536688804626465, 1595621902534.475]
[0.010541621595621109, -0.009905384853482246, -0.6306450963020325, 0.01592816226184368, 0.02041027881205082, -3.1534318923950195, 1595621902542.786]
[0.010550066828727722, -0.009893033653497696, -0.6307259798049927, 0.0166657455265522, 0.01955699920654297, -3.154088020324707, 1595621902551.31]
[0.01055474579334259, -0.009883593767881393, -0.6310187578201294, 0.01662362739443779, 0.02079164795577526, -3.1540367603302, 1595621902608.33]
[0.008752372115850449, -0.00944642722606659, -0.6589944958686829, 0.017911549657583237, 0.048285018652677536, -3.1509745121002197, 1595621902673.4978]
[0.0074175624176859856, -0.009316174313426018, -0.6793282628059387, 0.020234346389770508, 0.05892736837267876, -3.151951551437378, 1595621902682.406]
[0.003908413462340832, -0.008988942950963974, -0.7250733971595764, 0.01600237376987934, 0.016962993890047073, -3.152878761291504, 1595621902743.1309]
[0.002420242875814438, -0.00879350584000349, -0.7469122409820557, 0.015083746053278446, 0.01792825572192669, -3.1528878211975098, 1595621902879.229]
[-0.00393792474642396, -0.00793629139661789, -0.8376120924949646, 0.017936626449227333, 0.01709773950278759, -3.151322364807129, 1595621902946.075]
[-0.00719438586384058, -0.007499507628381252, -0.8832184076309204, 0.013555099256336689, 0.01952909491956234, -3.152439832687378, 1595621903080.088]
[-0.010278098285198212, -0.00703195808455348, -0.9285182952880859, 0.016587520018219948, 0.01875595934689045, -3.152150869369507, 1595621903088.762]
[-0.012030134908854961, -0.006867618300020695, -0.9527714848518372, 0.015576103702187538, 0.018606267869472504, -3.151806592941284, 1595621903152.965]
[-0.015163050033152103, -0.006292508915066719, -0.9976522326469421, 0.015571348369121552, 0.017923712730407715, -3.152726173400879, 1595621903221.2231]
[-0.016763050109148026, -0.006097716744989157, -1.018918752670288, 0.019452722743153572, 0.020782502368092537, -3.1526169776916504, 1595621903300.875]
[-0.019847065210342407, -0.005625494755804539, -1.0636053085327148, 0.015509693883359432, 0.016581067815423012, -3.152463912963867, 1595621903340.179]
[-0.02154608815908432, -0.005417517852038145, -1.0870431661605835, 0.017366712912917137, 0.016482895240187645, -3.152787446975708, 1595621903348.161]
[-0.026301169767975807, -0.004542857874184847, -1.1574451923370361, 0.014518732205033302, 0.0156256053596735, -3.150768995285034, 1595621903356.542]
[-0.02967321127653122, -0.004084400832653046, -1.2043486833572388, 0.017147332429885864, 0.015496687032282352, -3.1514222621917725, 1595621903381.523]
[-0.032803360372781754, -0.0036473614163696766, -1.2483388185501099, 0.014946237206459045, 0.01871073804795742, -3.151200294494629, 1595621903432.8489]
[-0.034170471131801605, -0.003425352042540908, -1.2678040266036987, 0.01741129718720913, 0.01591818407177925, -3.151628017425537, 1595621903480.818]
[-0.036059848964214325, -0.0031071717385202646, -1.2930914163589478, 0.01450011320412159, 0.020352678373456, -3.1515860557556152, 1595621903530.95]
[-0.040887251496315, -0.00242773094214499, -1.362946629524231, 0.018749883398413658, 0.018379146233201027, -3.152819871902466, 1595621903580.189]
[-0.04419710114598274, -0.002085702959448099, -1.4084392786026, 0.014300799928605556, 0.02106698416173458, -3.151876211166382, 1595621903686.62]
[-0.04580087959766388, -0.0019602093379944563, -1.4315879344940186, 0.010308033786714077, 0.019394170492887497, -3.1513400077819824, 1595621903729.1118]
[-0.049106527119874954, -0.0015593137359246612, -1.4775644540786743, 0.01171087846159935, 0.020499171689152718, -3.15143084526062, 1595621903789.5862]
[-0.05097006633877754, -0.00124940846581012, -1.506479263305664, 0.009627637453377247, 0.018287628889083862, -3.1491713523864746, 1595621903841.929]
[-0.05392748862504959, -0.0007674320368096232, -1.5476948022842407, 0.014408114366233349, 0.01922629587352276, -3.152111053466797, 1595621903890.458]
[-0.055494822561740875, -0.0005471327458508313, -1.5656967163085938, 0.013896237127482891, 0.015182560309767723, -3.1519834995269775, 1595621903948.875]
[-0.05880455672740936, -0.0002499189868103713, -1.614385724067688, 0.008194148540496826, 0.015303464606404305, -3.1502461433410645, 1595621903983.87]
[-0.062203146517276764, 0.0001237271644640714, -1.6608495712280273, 0.008899122476577759, 0.018957920372486115, -3.1516783237457275, 1595621904034.537]
[-0.0636063665151596, 0.00031641896930523217, -1.6795223951339722, 0.010752779431641102, 0.015264683403074741, -3.151137113571167, 1595621904092.266]
[-0.06723716109991074, 0.0009761437540873885, -1.7284828424453735, 0.01628478243947029, 0.019351623952388763, -3.1509339809417725, 1595621904144.273]
[-0.06898461282253265, 0.0010690218769013882, -1.7541459798812866, 0.013840840198099613, 0.023645823821425438, -3.153201103210449, 1595621904193.752]
[-0.0721433162689209, 0.001527883461676538, -1.7986698150634766, 0.0149445291608572, 0.025671236217021942, -3.150712013244629, 1595621904236.403]
[-0.07364968210458755, 0.0017883534310385585, -1.8202353715896606, 0.00955987349152565, 0.01498011127114296, -3.1481032371520996, 1595621904293.9539]
[-0.07711892575025558, 0.0021925950422883034, -1.8669896125793457, 0.01022634282708168, 0.023623282089829445, -3.150423526763916, 1595621904335.45]
[-0.08044441789388657, 0.0029408910777419806, -1.9159777164459229, 0.01606736145913601, 0.018500560894608498, -3.150473117828369, 1595621904433.613]
[-0.08382130414247513, 0.003276499919593334, -1.9629603624343872, 0.014332051388919353, 0.023648476228117943, -3.152522563934326, 1595621904570.2332]
[-0.08704324066638947, 0.0036123732570558786, -2.0083224773406982, 0.014956559054553509, 0.01301461923867464, -3.1513307094573975, 1595621904637.602]
[-0.08814254403114319, 0.003915218636393547, -2.018526077270508, 0.015676865354180336, -0.006038231309503317, -3.1545965671539307, 1595621904705.542]
[-0.08325079828500748, 0.003186865709722042, -1.954781413078308, 0.01762322150170803, 0.02785371243953705, -3.152357578277588, 1595621904780.697]
[-0.07880093157291412, 0.0026158150285482407, -1.8896571397781372, 0.014966452494263649, 0.016242653131484985, -3.1532039642333984, 1595621904848.342]
[-0.07346878945827484, 0.0019352418603375554, -1.8152374029159546, 0.013802023604512215, 0.01564435102045536, -3.15478515625, 1595621904975.481]
[-0.07021718472242355, 0.0015858125407248735, -1.7725578546524048, 0.004975336138159037, 0.006105415057390928, -3.151533365249634, 1595621905108.239]
[-0.06692778319120407, 0.0011122742434963584, -1.7249537706375122, 0.015290310606360435, 0.02128012664616108, -3.1516263484954834, 1595621905177.912]
[-0.06371849775314331, 0.0006190919666551054, -1.678903579711914, 0.006216672249138355, 0.017484981566667557, -3.1536431312561035, 1595621905245.832]
[-0.058667439967393875, 4.8599620640743524e-05, -1.609555959701538, 0.015829039737582207, 0.013362654484808445, -3.1535024642944336, 1595621905384.9248]
[-0.053809020668268204, -0.00046098598977550864, -1.5453603267669678, 0.009473021142184734, 0.01192015502601862, -3.151397943496704, 1595621905455.802]
[-0.049029912799596786, -0.0013730473583564162, -1.4756526947021484, 0.002225975738838315, 0.01636619120836258, -3.153153419494629, 1595621905596.045]
[-0.04401903226971626, -0.0018905525794252753, -1.4050178527832031, 0.011262199841439724, 0.013252761214971542, -3.1522440910339355, 1595621905660.681]
[-0.03915013000369072, -0.002622429048642516, -1.3339128494262695, 0.013406571000814438, 0.014673535712063313, -3.1532883644104004, 1595621905731.039]
[-0.034067559987306595, -0.0032781611662358046, -1.2660729885101318, 0.00970449112355709, 0.012472784146666527, -3.154609203338623, 1595621905795.135]
[-0.0294524896889925, -0.003996515646576881, -1.200244665145874, 0.011325476691126823, 0.01375614944845438, -3.155287265777588, 1595621905932.892]
[-0.024594757705926895, -0.004697923082858324, -1.13173246383667, 0.00908276904374361, 0.012184815481305122, -3.1538209915161133, 1595621906006.206]
[-0.021238399669528008, -0.005056323949247599, -1.085068941116333, 0.009855498559772968, 0.011590168811380863, -3.1549460887908936, 1595621906075.743]
[-0.01968156173825264, -0.005359675269573927, -1.062289834022522, 0.012007142417132854, 0.012818831019103527, -3.154102087020874, 1595621906135.561]
[-0.014759859070181847, -0.006065011955797672, -0.991633415222168, 0.010381626896560192, 0.008797753602266312, -3.1550655364990234, 1595621906144.112]
[-0.009970840997993946, -0.006824284326285124, -0.922291100025177, 0.011858382262289524, 0.013811872340738773, -3.155942916870117, 1595621906211.761]
[-0.006728186272084713, -0.00726278405636549, -0.8758142590522766, 0.012795509770512581, 0.013417853973805904, -3.156240940093994, 1595621906338.375]
[-0.0002113881055265665, -0.008259555324912071, -0.7838031053543091, 0.013537046499550343, 0.010475852526724339, -3.155559778213501, 1595621906473.5488]
[0.004487647674977779, -0.009002625942230225, -0.7160869836807251, 0.012062031775712967, 0.011849690228700638, -3.1561660766601562, 1595621906607.21]
[0.007685559336096048, -0.009452714584767818, -0.6704304814338684, 0.012299846857786179, 0.014027443714439869, -3.157207727432251, 1595621906675.38]
[0.009506447240710258, -0.009645439684391022, -0.6456753015518188, 0.013712236657738686, 0.016077816486358643, -3.1551260948181152, 1595621906746.285]
[0.010365942493081093, -0.00978210847824812, -0.6329187154769897, 0.016467738896608353, 0.01956045627593994, -3.155099868774414, 1595621906754.123]
[0.010485420934855938, -0.00985555537045002, -0.6303254961967468, 0.01639491319656372, 0.01970660500228405, -3.154088258743286, 1595621906813.136]
[0.010452721267938614, -0.00978976022452116, -0.630325973033905, 0.015947235748171806, 0.02068367786705494, -3.1537516117095947, 1595621906889.395]
[0.010458148084580898, -0.009801344946026802, -0.6301814913749695, 0.01640099659562111, 0.019915055483579636, -3.153409004211426, 1595621906950.094]
[0.01044863648712635, -0.009802321903407574, -0.6302149891853333, 0.016945427283644676, 0.019418684765696526, -3.153590679168701, 1595621907097.018]
[0.010447516106069088, -0.009800566360354424, -0.6302197575569153, 0.016245350241661072, 0.01833660714328289, -3.1535778045654297, 1595621907105.667]
[0.010474596172571182, -0.00984108541160822, -0.6297034621238708, 0.016470469534397125, 0.019128022715449333, -3.153265953063965, 1595621907113.6838]
[0.010459071025252342, -0.009845677763223648, -0.629517138004303, 0.015912625938653946, 0.01805744133889675, -3.153320074081421, 1595621907297.899]
[0.01047672051936388, -0.009825190529227257, -0.6299827098846436, 0.01576547510921955, 0.01887323521077633, -3.1531245708465576, 1595621907367.9211]
[0.010473744943737984, -0.009864752180874348, -0.6300345063209534, 0.01548895612359047, 0.0181055199354887, -3.154092311859131, 1595621907432.897]
[0.010451843962073326, -0.009842093102633953, -0.6296342015266418, 0.016100015491247177, 0.018319146707654, -3.1532342433929443, 1595621907504.113]
[0.010448125191032887, -0.0098028052598238, -0.6302104592323303, 0.017042772844433784, 0.01887865737080574, -3.153587818145752, 1595621907640.46]
[0.010297357104718685, -0.009735830128192902, -0.6370437741279602, 0.021640002727508545, 0.07597875595092773, -3.1534180641174316, 1595621907706.912]
[0.008859707042574883, -0.00950059574097395, -0.6566030979156494, 0.017790207639336586, 0.052174657583236694, -3.1511178016662598, 1595621907774.714]
[0.0040546623058617115, -0.0088158268481493, -0.7210909724235535, 0.01658058911561966, 0.013653550297021866, -3.1519200801849365, 1595621907851.8938]
[-0.0006862628506496549, -0.008176896721124649, -0.7889823913574219, 0.016780709847807884, 0.014020346105098724, -3.1521213054656982, 1595621907980.716]
[-0.0038188768085092306, -0.007679409813135862, -0.8334037065505981, 0.016446586698293686, 0.013967370614409447, -3.1525747776031494, 1595621907989.0288]
[-0.005442386493086815, -0.007489512674510479, -0.8569087982177734, 0.016291514039039612, 0.0158762838691473, -3.152336359024048, 1595621907998.3262]
[-0.010203959420323372, -0.0068094260059297085, -0.9242346286773682, 0.015703491866588593, 0.013424274511635303, -3.1534719467163086, 1595621908118.76]
[-0.014989483170211315, -0.006218705791980028, -0.9919734597206116, 0.015402655117213726, 0.014582803472876549, -3.153146982192993, 1595621908189.126]
[-0.01834404654800892, -0.0056909057311713696, -1.0402677059173584, 0.016422972083091736, 0.017162948846817017, -3.1524715423583984, 1595621908253.552]
[-0.020025186240673065, -0.005292947869747877, -1.0654350519180298, 0.013425814919173717, 0.014827351085841656, -3.1530354022979736, 1595621908322.022]
[-0.023138878867030144, -0.004844990558922291, -1.1095120906829834, 0.01569594070315361, 0.01531149074435234, -3.1531996726989746, 1595621908402.393]
[-0.024799682199954987, -0.004661655053496361, -1.1332961320877075, 0.015709297731518745, 0.013171679340302944, -3.1523027420043945, 1595621908536.574]
[-0.027978740632534027, -0.004288970027118921, -1.177842617034912, 0.013416153378784657, 0.01678599789738655, -3.1513216495513916, 1595621908545.625]
[-0.029615117236971855, -0.0039593991823494434, -1.2018083333969116, 0.019740212708711624, 0.01384423766285181, -3.1520166397094727, 1595621908604.6172]
[-0.03441154211759567, -0.0033023457508534193, -1.266151785850525, 0.0180455781519413, 0.015370083972811699, -3.151710271835327, 1595621908681.5989]
[-0.03786083310842514, -0.002896329388022423, -1.3156781196594238, 0.015263107605278492, 0.017502229660749435, -3.152625799179077, 1595621908743.8408]
[-0.03936174511909485, -0.002571498043835163, -1.336029052734375, 0.01605423539876938, 0.012880852445960045, -3.1525542736053467, 1595621908809.3801]
[-0.042590294033288956, -0.002169898943975568, -1.3823572397232056, 0.014744401909410954, 0.012320171110332012, -3.1523070335388184, 1595621908817.7039]
[-0.04422702267765999, -0.0019386583007872105, -1.4064873456954956, 0.012456442229449749, 0.014578375965356827, -3.1526947021484375, 1595621908826.612]
[-0.04600159078836441, -0.0017236255807802081, -1.4309254884719849, 0.01776055246591568, 0.015019719488918781, -3.1520678997039795, 1595621908945.3572]
[-0.04926324635744095, -0.0014551511267200112, -1.4748955965042114, 0.009464137256145477, 0.01814989559352398, -3.1505329608917236, 1595621909014.43]
[-0.052630167454481125, -0.0008646558271721005, -1.5227388143539429, 0.017295243218541145, 0.017432689666748047, -3.1502137184143066, 1595621909022.733]
[-0.05419183894991875, -0.0007246537134051323, -1.5444360971450806, 0.011850027367472649, 0.015198975801467896, -3.1475062370300293, 1595621909031.786]
[-0.05548512935638428, -0.0004795410786755383, -1.5630955696105957, 0.014971298165619373, 0.015107676386833191, -3.153324842453003, 1595621909082.588]
[-0.05886082351207733, 9.57328884396702e-05, -1.6098395586013794, 0.0175095833837986, 0.015115544199943542, -3.1537482738494873, 1595621909150.462]
[-0.06070281192660332, 8.80174120538868e-05, -1.6363837718963623, 0.016205623745918274, 0.014297335408627987, -3.152386426925659, 1595621909209.959]
[-0.06381877511739731, 0.0005087591707706451, -1.678962230682373, 0.007890063337981701, 0.011806586757302284, -3.1520261764526367, 1595621909218.09]
[-0.06544904410839081, 0.0007697116234339774, -1.699816346168518, 0.008360099978744984, 0.014285419136285782, -3.1518921852111816, 1595621909226.3]
[-0.06893200427293777, 0.0010437588207423687, -1.7492389678955078, 0.00914891716092825, 0.023536724969744682, -3.152721643447876, 1595621909286.457]
[-0.07079008966684341, 0.0014157936675474048, -1.7758569717407227, 0.012906502932310104, 0.020298877730965614, -3.150160789489746, 1595621909294.036]
[-0.07369177788496017, 0.00197800574824214, -1.8172696828842163, 0.014945228584110737, 0.019376365467905998, -3.152587652206421, 1595621909356.025]
[-0.07729344815015793, 0.002265309449285269, -1.8676989078521729, 0.012192939408123493, 0.01871194690465927, -3.1493659019470215, 1595621909417.368]
[-0.07895971089601517, 0.00296222441829741, -1.889765739440918, 0.01364966668188572, 0.014729635789990425, -3.1533989906311035, 1595621909492.234]
[-0.08058154582977295, 0.0030096478294581175, -1.9118647575378418, 0.015493483282625675, 0.016168680042028427, -3.1508045196533203, 1595621909558.749]
[-0.08413496613502502, 0.0033093676902353764, -1.9629662036895752, 0.015985388308763504, 0.01844400353729725, -3.1526777744293213, 1595621909566.3708]
[-0.08537557721138, 0.0034532223362475634, -1.9822070598602295, 0.014260218478739262, 0.008870281279087067, -3.1526198387145996, 1595621909630.073]
[-0.08902150392532349, 0.0040814923122525215, -2.029660701751709, 0.020569026470184326, 0.008146791718900204, -3.1503219604492188, 1595621909637.857]
[-0.09080296754837036, 0.004219036549329758, -2.0497591495513916, 0.01611928828060627, 0.022920917719602585, -3.1529829502105713, 1595621909696.861]
[-0.09408929944038391, 0.00479307072237134, -2.0957887172698975, 0.016912367194890976, 0.017367273569107056, -3.152923345565796, 1595621909705.456]
[-0.09746130555868149, 0.005066814832389355, -2.142101287841797, 0.011648801155388355, 0.012811955064535141, -3.1509079933166504, 1595621909764.168]
[-0.09921346604824066, 0.0054945875890553, -2.1675403118133545, 0.01565854251384735, 0.001920403097756207, -3.1561179161071777, 1595621909841.314]
[-0.10049716383218765, 0.005522207356989384, -2.184049606323242, 0.013798486441373825, 0.008216437883675098, -3.1511034965515137, 1595621909900.11]
[-0.1004987582564354, 0.005521225277334452, -2.184063673019409, 0.013796304352581501, 0.00820261798799038, -3.1510987281799316, 1595621909969.004]
[-0.10060998797416687, 0.005591587629169226, -2.1864206790924072, 0.015512452460825443, 0.008378959260880947, -3.151735544204712, 1595621910037.6738]
[-0.1005389392375946, 0.005665271542966366, -2.1867928504943848, 0.01750803366303444, 0.006155170500278473, -3.1539740562438965, 1595621910046.339]
[-0.10053893178701401, 0.00566525524482131, -2.186793088912964, 0.01752580516040325, 0.006177883129566908, -3.1539738178253174, 1595621910104.561]
[-0.10053828358650208, 0.0056653874926269054, -2.1867880821228027, 0.017529727891087532, 0.006167436949908733, -3.153981924057007, 1595621910172.924]
[-0.10053636133670807, 0.005665082484483719, -2.186762571334839, 0.017570873722434044, 0.006182414013892412, -3.1539907455444336, 1595621910240.582]
[-0.10053396224975586, 0.005662843119353056, -2.1867692470550537, 0.019862519577145576, 0.009132320992648602, -3.1539571285247803, 1595621910249.0781]
[-0.10053703933954239, 0.005665257573127747, -2.186772584915161, 0.01754535734653473, 0.006176756229251623, -3.153989315032959, 1595621910307.878]
[-0.10061085969209671, 0.005591546650975943, -2.186429023742676, 0.015493382699787617, 0.008368382230401039, -3.1517271995544434, 1595621910443.513]
[-0.10072338581085205, 0.005582563113421202, -2.1875407695770264, 0.015215309336781502, 0.009968332946300507, -3.1505911350250244, 1595621910510.708]
[-0.1007237434387207, 0.005583562888205051, -2.187544822692871, 0.015183783136308193, 0.009952511638402939, -3.1506009101867676, 1595621910578.6929]
[-0.10072330385446548, 0.0055828033946454525, -2.1875388622283936, 0.015222050249576569, 0.00997028686106205, -3.1505939960479736, 1595621910647.469]
[-0.10070285201072693, 0.005600037984549999, -2.186265707015991, 0.015788838267326355, 0.0111282579600811, -3.150254487991333, 1595621910713.661]
[-0.10097770392894745, 0.005715992767363787, -2.1877098083496094, 0.015120578929781914, 0.014860471710562706, -3.153564929962158, 1595621910788.6829]
[-0.10084670782089233, 0.005673235282301903, -2.1867852210998535, 0.013944832608103752, 0.012536825612187386, -3.1531124114990234, 1595621910897.283]
[-0.10065653920173645, 0.005702661816030741, -2.183865785598755, 0.018716560676693916, 0.012652203440666199, -3.1525211334228516, 1595621910937.6719]
[-0.10079478472471237, 0.005629849154502153, -2.1868669986724854, 0.016585156321525574, 0.012708035297691822, -3.1516642570495605, 1595621910995.848]
[-0.10084778070449829, 0.005673889070749283, -2.186802864074707, 0.01396248396486044, 0.012544356286525726, -3.153111696243286, 1595621911046.963]
[-0.10079597681760788, 0.005630978383123875, -2.186889171600342, 0.016613909974694252, 0.012713368982076645, -3.151676893234253, 1595621911101.239]
[-0.10070500522851944, 0.005601436365395784, -2.186325788497925, 0.015808917582035065, 0.011109544895589352, -3.150268316268921, 1595621911136.624]
[-0.1008443757891655, 0.00566869368776679, -2.1867527961730957, 0.01767253316938877, 0.014051872305572033, -3.153013229370117, 1595621911227.501]
[-0.10097746551036835, 0.005716077052056789, -2.1877055168151855, 0.015123102813959122, 0.014859577640891075, -3.1535654067993164, 1595621911245.5771]
[-0.10084687173366547, 0.005673524457961321, -2.1867904663085938, 0.013952319510281086, 0.01253566425293684, -3.1531054973602295, 1595621911289.5378]
[-0.10083577781915665, 0.0057126362808048725, -2.186086654663086, 0.015071680769324303, 0.013177156448364258, -3.1524155139923096, 1595621911339.463]
[-0.10083670169115067, 0.00571312103420496, -2.186101198196411, 0.015084370039403439, 0.013183701783418655, -3.1524245738983154, 1595621911439.71]
[-0.10083431005477905, 0.005711657460778952, -2.186051368713379, 0.015063313767313957, 0.013180178590118885, -3.1524112224578857, 1595621911488.238]
[-0.100835420191288, 0.005712509620934725, -2.186084032058716, 0.015084300190210342, 0.013171488419175148, -3.152409791946411, 1595621911540.177]
[-0.1008358970284462, 0.005713284015655518, -2.1861016750335693, 0.015104351565241814, 0.013163362629711628, -3.15242338180542, 1595621911590.6511]
[-0.10052525997161865, 0.0056446208618581295, -2.183448076248169, 0.013249166309833527, 0.008350181393325329, -3.150024175643921, 1595621911639.3281]
[-0.10064836591482162, 0.005746139213442802, -2.1831889152526855, 0.016114311292767525, 0.011795413680374622, -3.151919364929199, 1595621911689.564]
[-0.10054414719343185, 0.005769507028162479, -2.1831514835357666, 0.016720639541745186, 0.009264069609344006, -3.1516575813293457, 1595621911738.587]
[-0.10054999589920044, 0.005722180940210819, -2.182473659515381, 0.015471194870769978, 0.010180004872381687, -3.1505701541900635, 1595621911836.844]
[-0.10070709139108658, 0.005606585647910833, -2.186347484588623, 0.012085605412721634, 0.009589999914169312, -3.1503705978393555, 1595621911904.0461]
[-0.10065952688455582, 0.005707757547497749, -2.183907985687256, 0.015005732886493206, 0.011135617271065712, -3.152618408203125, 1595621911971.951]
[-0.10035940259695053, 0.005702318623661995, -2.1839096546173096, 0.018572863191366196, 0.004941609688103199, -3.15358304977417, 1595621911980.1072]
[-0.10048864781856537, 0.00574584910646081, -2.182600259780884, 0.01611526869237423, 0.008287877775728703, -3.154884099960327, 1595621912039.132]
[-0.10037041455507278, 0.005659184418618679, -2.183339834213257, 0.01743122562766075, 0.0058603729121387005, -3.152508020401001, 1595621912108.818]
[-0.10045130550861359, 0.00572096835821867, -2.1838467121124268, 0.015295963734388351, 0.006051048636436462, -3.152331590652466, 1595621912183.354]
[-0.10019784420728683, 0.005731545854359865, -2.180861234664917, 0.015712779015302658, 0.003121793968603015, -3.1524510383605957, 1595621912320.43]
[-0.10046251863241196, 0.005675647407770157, -2.1832571029663086, 0.014101174660027027, 0.006995185278356075, -3.15124249458313, 1595621912454.907]
[-0.10045091807842255, 0.005720237735658884, -2.18384051322937, 0.01527662854641676, 0.0060494826175272465, -3.1523351669311523, 1595621912591.8591]
[-0.10054895281791687, 0.005721887573599815, -2.182450771331787, 0.015448007732629776, 0.010179277509450912, -3.15055513381958, 1595621912791.5461]
[-0.1004415974020958, 0.0057600256986916065, -2.1831624507904053, 0.0164615698158741, 0.006712598726153374, -3.1516354084014893, 1595621912862.595]
[-0.10064756870269775, 0.005747810937464237, -2.1831984519958496, 0.016158588230609894, 0.01176497247070074, -3.151916742324829, 1595621912995.623]
[-0.10044088214635849, 0.005760157480835915, -2.1831469535827637, 0.016450531780719757, 0.006711234338581562, -3.151620864868164, 1595621913123.94]
[-0.1003418117761612, 0.005727160722017288, -2.1827025413513184, 0.015533089637756348, 0.004590863827615976, -3.153369903564453, 1595621913140.863]
