[0.16218294203281403, 0.17162734270095825, -1.5097614526748657, 0.010487155057489872, -0.031680431216955185, -3.0854997634887695, 1594933890853.403]
[0.16297775506973267, 0.17151449620723724, -1.5097521543502808, 0.01078815571963787, -0.033684082329273224, -3.087890625, 1594933890926.061]
[0.1641513854265213, 0.1712501049041748, -1.5083132982254028, 0.008517181500792503, -0.03629368916153908, -3.086451530456543, 1594933890931.323]
[0.16581231355667114, 0.17108389735221863, -1.511673092842102, 0.014267867431044579, -0.033723652362823486, -3.085221529006958, 1594933891060.7231]
[0.16849644482135773, 0.16876906156539917, -1.5050071477890015, 0.005133525934070349, -0.03850547969341278, -3.08561110496521, 1594933891198.868]
[0.17069463431835175, 0.1686723679304123, -1.5079513788223267, 0.017253747209906578, -0.04151568189263344, -3.0804295539855957, 1594933891271.47]
[0.17144279181957245, 0.16826853156089783, -1.5057711601257324, 0.015613377094268799, -0.03946232050657272, -3.077263832092285, 1594933891334.393]
[0.1733909398317337, 0.16788287460803986, -1.5061442852020264, 0.011433200910687447, -0.03885871171951294, -3.077422857284546, 1594933891402.256]
[0.1746450960636139, 0.167219877243042, -1.5020318031311035, 0.013650943525135517, -0.04079681634902954, -3.0740039348602295, 1594933891411.149]
[0.1758255511522293, 0.1675829291343689, -1.4986997842788696, 0.019145624712109566, -0.04100313410162926, -3.07537579536438, 1594933891540.4329]
[0.1781894415616989, 0.169535294175148, -1.5026426315307617, 0.007578116841614246, -0.04346706345677376, -3.0736043453216553, 1594933891676.107]
[0.18042932450771332, 0.17164620757102966, -1.5071734189987183, 0.018133442848920822, -0.04450428858399391, -3.074126720428467, 1594933891746.386]
[0.17904198169708252, 0.17079155147075653, -1.5000677108764648, 0.015595177188515663, -0.04651923477649689, -3.0719704627990723, 1594933891821.851]
[0.179056316614151, 0.1702004075050354, -1.5011619329452515, 0.015477373264729977, -0.04123848304152489, -3.069122076034546, 1594933891884.079]
[0.17778874933719635, 0.1699577420949936, -1.4940094947814941, 0.01595529168844223, -0.04697992280125618, -3.0625035762786865, 1594933892019.054]
[0.177591472864151, 0.1729041486978531, -1.500257134437561, 0.021428829059004784, -0.04334390535950661, -3.061917543411255, 1594933892090.058]
[0.17406503856182098, 0.17675593495368958, -1.500342845916748, 0.02250560186803341, -0.050517525523900986, -3.0698492527008057, 1594933892098.582]
[0.17413794994354248, 0.18036209046840668, -1.5019967555999756, 0.01924504153430462, -0.044386111199855804, -3.0660624504089355, 1594933892229.2622]
[0.18376652896404266, 0.18085123598575592, -1.5003337860107422, 0.02670714631676674, -0.04597366228699684, -3.0622196197509766, 1594933892296.9648]
[0.18148654699325562, 0.18263930082321167, -1.4955699443817139, 0.020705968141555786, -0.06057852879166603, -3.059478521347046, 1594933892364.034]
[0.18009456992149353, 0.18254782259464264, -1.4975250959396362, 0.019632069393992424, -0.06503818184137344, -3.0533530712127686, 1594933892501.05]
[0.17694410681724548, 0.18361316621303558, -1.4985483884811401, 0.021004443988204002, -0.05731630697846413, -3.0523500442504883, 1594933892509.5]
[0.1755453199148178, 0.18514594435691833, -1.5018044710159302, 0.019022006541490555, -0.05714286491274834, -3.053112506866455, 1594933892635.914]
[0.16847991943359375, 0.1871943175792694, -1.49974524974823, 0.023724427446722984, -0.0654355064034462, -3.0536961555480957, 1594933892644.375]
[0.1643884778022766, 0.18794302642345428, -1.4984384775161743, 0.022619105875492096, -0.05785546824336052, -3.0542562007904053, 1594933892652.834]
[0.16256555914878845, 0.18777777254581451, -1.4980738162994385, 0.019703269004821777, -0.06281669437885284, -3.049272298812866, 1594933892777.982]
[0.15906599164009094, 0.18655653297901154, -1.4943434000015259, 0.01998324692249298, -0.06446221470832825, -3.0375921726226807, 1594933892786.249]
[0.15700706839561462, 0.1855076551437378, -1.4900699853897095, 0.01788809336721897, -0.06473180651664734, -3.033341407775879, 1594933892846.883]
[0.15268073976039886, 0.18491290509700775, -1.49216628074646, 0.020198391750454903, -0.06580767780542374, -3.023300886154175, 1594933892854.437]
[0.14378328621387482, 0.18414920568466187, -1.4884357452392578, 0.020969804376363754, -0.06272120773792267, -3.015455484390259, 1594933892990.394]
[0.13967835903167725, 0.18394197523593903, -1.4840612411499023, 0.01857488788664341, -0.07215233147144318, -3.018972158432007, 1594933893050.833]
[0.13020575046539307, 0.18341605365276337, -1.478739857673645, 0.018012911081314087, -0.060905762016773224, -3.0142786502838135, 1594933893078.777]
[0.10263282805681229, 0.18171925842761993, -1.473707675933838, 0.015154442749917507, -0.053074952214956284, -3.025803327560425, 1594933893189.825]
[0.0834023579955101, 0.17584457993507385, -1.4699536561965942, 0.020885935053229332, -0.045922666788101196, -3.0373504161834717, 1594933893299.967]
[0.06284129619598389, 0.16133254766464233, -1.4576060771942139, 0.018739990890026093, -0.05289303511381149, -3.0550625324249268, 1594933893352.813]
[0.055849626660346985, 0.15513275563716888, -1.4534987211227417, 0.01972908526659012, -0.04087701439857483, -3.063185453414917, 1594933893468.7222]
[0.04738835245370865, 0.1464214026927948, -1.4533199071884155, 0.018123170360922813, -0.043170273303985596, -3.0813369750976562, 1594933893504.916]
[0.04222127050161362, 0.1399761140346527, -1.452073097229004, 0.019000355154275894, -0.04361288622021675, -3.0846354961395264, 1594933893604.819]
[0.03469850495457649, 0.1293230503797531, -1.4368574619293213, 0.0211066622287035, -0.04506201297044754, -3.1036784648895264, 1594933893710.572]
[0.02908690832555294, 0.11419603228569031, -1.4267174005508423, 0.012745581567287445, -0.04666180536150932, -3.117680311203003, 1594933893767.792]
[0.02150806598365307, 0.09271690249443054, -1.4254660606384277, 0.010874364525079727, -0.04439777508378029, -3.1345913410186768, 1594933893912.5112]
[0.01097552478313446, 0.06670624017715454, -1.4162366390228271, 0.0007536154589615762, -0.04943126440048218, -3.1634159088134766, 1594933893971.078]
[0.0052716732025146484, 0.049994565546512604, -1.4154329299926758, -0.013219872489571571, -0.046188242733478546, -3.1699066162109375, 1594933894109.8188]
[-0.0007679609698243439, 0.025398386642336845, -1.4125800132751465, -0.01956859603524208, -0.04426676407456398, -3.1792094707489014, 1594933894186.896]
[-0.006898118648678064, 0.010597205720841885, -1.4140948057174683, -0.022625669836997986, -0.03896850347518921, -3.1820859909057617, 1594933894312.981]
[-0.009696303866803646, 0.002499085385352373, -1.4126662015914917, -0.024504946544766426, -0.03866969794034958, -3.181211471557617, 1594933894380.5461]
[-0.01462419144809246, -0.01901884190738201, -1.4070059061050415, -0.031066348776221275, -0.045615099370479584, -3.2027976512908936, 1594933894582.5952]
[-0.017441054806113243, -0.0363217331469059, -1.4000542163848877, -0.025330549106001854, -0.045647863298654556, -3.223045825958252, 1594933894650.38]
[-0.020341912284493446, -0.04692909121513367, -1.3976006507873535, -0.03780723735690117, -0.03970125690102577, -3.228364944458008, 1594933894786.618]
[-0.023063698783516884, -0.06287090480327606, -1.3933732509613037, -0.03878704831004143, -0.036212727427482605, -3.241379976272583, 1594933894920.485]
[-0.038408830761909485, -0.07576806098222733, -1.3813879489898682, -0.0397782139480114, -0.025632096454501152, -3.2324771881103516, 1594933894929.173]
[-0.04497990384697914, -0.08494862914085388, -1.3745824098587036, -0.042901210486888885, -0.025751959532499313, -3.225515127182007, 1594933895055.378]
[-0.05886032059788704, -0.10222186148166656, -1.3642141819000244, -0.043346576392650604, -0.008385683409869671, -3.2250449657440186, 1594933895188.5369]
[-0.06191578879952431, -0.11236052215099335, -1.3590309619903564, -0.035850245505571365, -0.009556934237480164, -3.2124998569488525, 1594933895197.583]
[-0.06410878151655197, -0.1207917332649231, -1.3570963144302368, -0.040541429072618484, -0.005329958628863096, -3.198446035385132, 1594933895258.21]
[-0.056102123111486435, -0.13330894708633423, -1.3659932613372803, -0.03646182641386986, -0.008068717084825039, -3.206322193145752, 1594933895388.135]
[-0.048953019082546234, -0.14063410460948944, -1.365298867225647, -0.038038816303014755, -0.007511031813919544, -3.2095766067504883, 1594933895530.225]
[-0.028294626623392105, -0.15526142716407776, -1.3798550367355347, -0.030135992914438248, -0.007270699366927147, -3.2249207496643066, 1594933895665.0168]
[-0.012994102202355862, -0.14645317196846008, -1.3713377714157104, -0.025294244289398193, -0.00915446225553751, -3.223706007003784, 1594933895878.0962]
[-0.003022854682058096, -0.1482999175786972, -1.3757065534591675, -0.017330128699541092, -0.002390337875112891, -3.2178919315338135, 1594933895886.562]
[0.013233248144388199, -0.14814402163028717, -1.3749091625213623, -0.015493796207010746, -0.0015134435379877687, -3.2115635871887207, 1594933895903.316]
[0.017694104462862015, -0.14783328771591187, -1.383302927017212, -0.013253792189061642, 0.0008687961963005364, -3.21181583404541, 1594933896015.251]
[0.03194405138492584, -0.13865114748477936, -1.3893228769302368, -0.004932811018079519, 0.00034589465940371156, -3.204594850540161, 1594933896031.983]
[0.042923711240291595, -0.12911356985569, -1.3869034051895142, 0.008357883431017399, -0.0044410862028598785, -3.2046408653259277, 1594933896078.372]
[0.04655182361602783, -0.12751783430576324, -1.3847419023513794, 0.0006002537556923926, 0.0028868161607533693, -3.202939748764038, 1594933896154.1392]
[0.056772418320178986, -0.11944594979286194, -1.378576397895813, 0.008440977893769741, 0.005783959291875362, -3.1940057277679443, 1594933896171.191]
[0.07477084547281265, -0.11199259757995605, -1.3687916994094849, 0.006340505555272102, 0.008294852450489998, -3.175732135772705, 1594933896301.353]
[0.08411747962236404, -0.10947385430335999, -1.3758082389831543, 0.007306104991585016, 0.011018010787665844, -3.1771442890167236, 1594933896309.929]
[0.09019965678453445, -0.10105998814105988, -1.3812415599822998, 0.02261378988623619, 0.006262798793613911, -3.1767325401306152, 1594933896430.915]
[0.09520237892866135, -0.08832632005214691, -1.3924047946929932, 0.031013455241918564, 0.01688261888921261, -3.1712563037872314, 1594933896439.9731]
[0.09757117927074432, -0.08342751115560532, -1.3894912004470825, 0.035003695636987686, 0.014653358608484268, -3.164262533187866, 1594933896503.794]
[0.10620992630720139, -0.07041657716035843, -1.389533281326294, 0.0384332537651062, 0.028606710955500603, -3.1505045890808105, 1594933896572.56]
[0.11631408333778381, -0.060165513306856155, -1.3815945386886597, 0.03915146738290787, 0.023730004206299782, -3.1455886363983154, 1594933896772.9958]
[0.12230527400970459, -0.05399820953607559, -1.3765733242034912, 0.038629043847322464, 0.023471644148230553, -3.136967897415161, 1594933896782.503]
[0.1320994347333908, -0.042810916900634766, -1.3763443231582642, 0.038943469524383545, 0.024390701204538345, -3.121370553970337, 1594933896853.069]
[0.13548988103866577, -0.03869296982884407, -1.38154935836792, 0.04180528596043587, 0.024197230115532875, -3.118622303009033, 1594933896914.243]
[0.14244680106639862, -0.029536191374063492, -1.3851515054702759, 0.048103366047143936, 0.03541599586606026, -3.114436388015747, 1594933896985.122]
[0.14647294580936432, -0.025229984894394875, -1.384460210800171, 0.04470564424991608, 0.0366651713848114, -3.115091323852539, 1594933897049.805]
[0.15399177372455597, -0.017059799283742905, -1.382135033607483, 0.046448513865470886, 0.03720944747328758, -3.109651565551758, 1594933897119.232]
[0.1647726148366928, -0.004424831829965115, -1.377478003501892, 0.05042876675724983, 0.026567086577415466, -3.0956177711486816, 1594933897206.404]
[0.17486467957496643, 0.00971990916877985, -1.3773707151412964, 0.048004891723394394, 0.034604448825120926, -3.084930658340454, 1594933897334.6208]
[0.18401196599006653, 0.02469240128993988, -1.3735367059707642, 0.052620597183704376, 0.03823460265994072, -3.0793728828430176, 1594933897342.135]
[0.1873367726802826, 0.029679257422685623, -1.3740756511688232, 0.05249231308698654, 0.03785319626331329, -3.0769972801208496, 1594933897473.0352]
[0.19288761913776398, 0.04006339982151985, -1.3680534362792969, 0.054122913628816605, 0.03639443218708038, -3.0759918689727783, 1594933897540.6648]
[0.20089098811149597, 0.0557243786752224, -1.35566246509552, 0.056623220443725586, 0.02588769979774952, -3.0743653774261475, 1594933897672.168]
[0.20951159298419952, 0.06687469780445099, -1.3471909761428833, 0.05647183954715729, 0.025107208639383316, -3.078078031539917, 1594933897743.679]
[0.2159518301486969, 0.07886099070310593, -1.3452285528182983, 0.05485424026846886, 0.02486414834856987, -3.0807230472564697, 1594933897813.4812]
[0.22358399629592896, 0.09162510186433792, -1.3390153646469116, 0.05550491809844971, 0.02833516150712967, -3.0711846351623535, 1594933897883.474]
[0.22664250433444977, 0.09991338104009628, -1.338438868522644, 0.06095700338482857, 0.02135484479367733, -3.069949150085449, 1594933897946.393]
[0.22807319462299347, 0.10467372834682465, -1.3389053344726562, 0.05822144076228142, 0.025155147537589073, -3.072913885116577, 1594933898018.586]
[0.22965343296527863, 0.11303221434354782, -1.3368334770202637, 0.05730798467993736, 0.02291342243552208, -3.074457883834839, 1594933898027.004]
[0.23132121562957764, 0.12492413818836212, -1.3331044912338257, 0.058492179960012436, 0.019188037142157555, -3.068070411682129, 1594933898095.957]
[0.2317059338092804, 0.12914332747459412, -1.3317993879318237, 0.0584033839404583, 0.017658500000834465, -3.0668892860412598, 1594933898157.499]
[0.2319178581237793, 0.1406063586473465, -1.3270888328552246, 0.05791950225830078, 0.01106549333781004, -3.0639588832855225, 1594933898225.472]
[0.23050814867019653, 0.15391725301742554, -1.3189802169799805, 0.06201942265033722, 0.012889605946838856, -3.051558017730713, 1594933898300.586]
[0.224874347448349, 0.17674338817596436, -1.2979544401168823, 0.05644427612423897, 0.012019364163279533, -3.0469107627868652, 1594933898509.378]
[0.21022938191890717, 0.22629304230213165, -1.2923893928527832, 0.07697553187608719, 0.0052899327129125595, -3.01607608795166, 1594933899070.462]
[0.20785410702228546, 0.23202396929264069, -1.2923095226287842, 0.07539640367031097, 0.010600840672850609, -3.010209798812866, 1594933899132.128]
[0.20116771757602692, 0.24419768154621124, -1.2921220064163208, 0.07519996166229248, 0.0074632433243095875, -2.9863247871398926, 1594933899139.8262]
[0.19882914423942566, 0.24427148699760437, -1.2897167205810547, 0.07997153699398041, 0.0050653088837862015, -2.9842755794525146, 1594933899199.5562]
[0.19410187005996704, 0.24412494897842407, -1.2874318361282349, 0.06870023906230927, 0.016812961548566818, -2.973433494567871, 1594933899268.193]
[0.1884697675704956, 0.2398029863834381, -1.2854084968566895, 0.07069326937198639, 0.010667207650840282, -2.9684038162231445, 1594933899335.073]
[0.1828807145357132, 0.24203747510910034, -1.2829463481903076, 0.0651598870754242, 0.004396145697683096, -2.9618592262268066, 1594933899403.136]
[0.17052721977233887, 0.2470012754201889, -1.2787270545959473, 0.05893172323703766, 0.0024774970952421427, -2.922313928604126, 1594933899538.2239]
[0.15849798917770386, 0.24801389873027802, -1.273362159729004, 0.060786161571741104, 0.0021296523045748472, -2.911191463470459, 1594933899676.99]
[0.14934392273426056, 0.24537117779254913, -1.2737479209899902, 0.056937042623758316, 0.005869894288480282, -2.893674850463867, 1594933899822.011]
[0.13788624107837677, 0.24554243683815002, -1.2664872407913208, 0.05780364200472832, 0.0049295430071651936, -2.881129503250122, 1594933899896.834]
[0.13339753448963165, 0.24536076188087463, -1.2623542547225952, 0.05900159478187561, 0.0011794621823355556, -2.8788397312164307, 1594933899961.3088]
[0.1260068416595459, 0.24525587260723114, -1.2573869228363037, 0.059069789946079254, 0.007660296745598316, -2.863692283630371, 1594933899968.78]
[0.12197009474039078, 0.24556007981300354, -1.256232500076294, 0.054335545748472214, 0.0010255571687594056, -2.8606157302856445, 1594933900031.121]
[0.11380735784769058, 0.24659930169582367, -1.2593574523925781, 0.059186115860939026, 0.0013113688910380006, -2.854651689529419, 1594933900095.805]
[0.1097489595413208, 0.2466529905796051, -1.2600224018096924, 0.05909288302063942, 0.007132500875741243, -2.8532309532165527, 1594933900103.769]
[0.09977008402347565, 0.24584190547466278, -1.2547067403793335, 0.05094414949417114, 0.01024966686964035, -2.8517348766326904, 1594933900165.828]
[0.09393537044525146, 0.2464369386434555, -1.2566415071487427, 0.05636879801750183, 0.004139931406825781, -2.861067533493042, 1594933900234.466]
[0.07445171475410461, 0.24169474840164185, -1.2531275749206543, 0.04947831854224205, 0.004575259983539581, -2.87964129447937, 1594933900309.0798]
[0.0598297119140625, 0.23408243060112, -1.2487655878067017, 0.04729089140892029, 0.0006400622078217566, -2.899113655090332, 1594933900368.834]
[0.04108215123414993, 0.22896257042884827, -1.246961236000061, 0.042457591742277145, 0.014619837515056133, -2.9130523204803467, 1594933900505.773]
[0.03437653183937073, 0.22931824624538422, -1.2444825172424316, 0.042356666177511215, -0.0018277711933478713, -2.9239065647125244, 1594933900533.9192]
[0.021506929770112038, 0.22863619029521942, -1.2413833141326904, 0.041778333485126495, -0.00606226921081543, -2.9386789798736572, 1594933900580.895]
[3.182408181601204e-05, 0.22470064461231232, -1.2352211475372314, 0.036367129534482956, -0.00465261610224843, -2.9651894569396973, 1594933900627.241]
[-0.012906135059893131, 0.2154463231563568, -1.2237178087234497, 0.041189271956682205, -0.011085168458521366, -2.9807305335998535, 1594933900724.697]
[-0.05638383328914642, 0.17258001863956451, -1.2318875789642334, 0.01178757008165121, -0.009546230547130108, -3.0380117893218994, 1594933900989.691]
[-0.11488871276378632, 0.07519001513719559, -1.1979882717132568, 0.0023743517231196165, -0.0052261329255998135, -3.1704087257385254, 1594933901542.5962]
[-0.12047120928764343, 0.015539840795099735, -1.1793327331542969, -0.02078581042587757, -0.0063633075915277, -3.179915189743042, 1594933901681.5269]
[-0.12117580324411392, -0.0015928673092275858, -1.1736786365509033, -0.024387255311012268, -0.007168280892074108, -3.1817991733551025, 1594933901757.182]
[-0.12402500957250595, -0.018806861713528633, -1.164337158203125, -0.02481101267039776, 0.0033357611391693354, -3.186983585357666, 1594933901883.45]
[-0.13505107164382935, -0.035258546471595764, -1.1541621685028076, -0.025416499003767967, 0.012180479243397713, -3.194321632385254, 1594933901952.4219]
[-0.1400183141231537, -0.05071209371089935, -1.1462901830673218, -0.01866655983030796, 0.017453273758292198, -3.2013959884643555, 1594933901960.095]
[-0.13980624079704285, -0.0671459510922432, -1.140644907951355, -0.026189258322119713, 0.022697871550917625, -3.206324338912964, 1594933902018.7222]
[-0.13848957419395447, -0.073249951004982, -1.137734055519104, -0.024729175493121147, 0.021770134568214417, -3.212726354598999, 1594933902086.3708]
[-0.13591791689395905, -0.08501652628183365, -1.134276032447815, -0.018597913905978203, 0.022204849869012833, -3.216999053955078, 1594933902222.2842]
[-0.13039818406105042, -0.10163772106170654, -1.1323000192642212, -0.019772469997406006, 0.021894240751862526, -3.227231502532959, 1594933902309.832]
[-0.1271211951971054, -0.10664051026105881, -1.1262462139129639, -0.019812386482954025, 0.02485683374106884, -3.2329001426696777, 1594933902369.284]
[-0.1204281896352768, -0.115755096077919, -1.1201838254928589, -0.013269025832414627, 0.02322491444647312, -3.239650011062622, 1594933902438.3901]
[-0.10443682223558426, -0.13085970282554626, -1.1049662828445435, -0.020113738253712654, 0.024165958166122437, -3.2387266159057617, 1594933902506.287]
[-0.09512601792812347, -0.13479386270046234, -1.0991264581680298, -0.018192026764154434, 0.023750318214297295, -3.2378039360046387, 1594933902575.5461]
[-0.08351848274469376, -0.13905589282512665, -1.0909500122070312, -0.021886222064495087, 0.02191486768424511, -3.2467756271362305, 1594933902649.6501]
[-0.07353691011667252, -0.14605732262134552, -1.0887424945831299, -0.021304912865161896, 0.025069238618016243, -3.24623966217041, 1594933902711.2651]
[-0.04119165241718292, -0.15211991965770721, -1.0820356607437134, -0.02448146417737007, 0.025070495903491974, -3.2446560859680176, 1594933902857.007]
[-0.02546715922653675, -0.15438328683376312, -1.0757625102996826, -0.026967588812112808, 0.014997996389865875, -3.241732120513916, 1594933902917.1829]
[-0.013707499019801617, -0.1578279435634613, -1.072680115699768, -0.021668992936611176, 0.0038973120972514153, -3.2339797019958496, 1594933902988.18]
[-0.003819004399701953, -0.16137579083442688, -1.0667805671691895, -0.02727944776415825, 0.01168744545429945, -3.2308545112609863, 1594933903061.367]
[0.001715207239612937, -0.16427461802959442, -1.0610592365264893, -0.03030012734234333, 0.009225505404174328, -3.2305848598480225, 1594933903125.4521]
[0.011794994585216045, -0.1688603311777115, -1.0607104301452637, -0.03272196277976036, 0.004650175105780363, -3.227170705795288, 1594933903193.103]
[0.027215955778956413, -0.1706027239561081, -1.059589147567749, -0.03378023952245712, 0.0044351196847856045, -3.242482900619507, 1594933903200.754]
[0.05179653689265251, -0.17144061625003815, -1.0575389862060547, -0.03680344671010971, -0.0029222837183624506, -3.245518922805786, 1594933903539.9448]
[0.0827517881989479, -0.17311902344226837, -1.0641735792160034, -0.039149556308984756, -0.009644445031881332, -3.2429137229919434, 1594933903548.978]
[0.11115645617246628, -0.16133877635002136, -1.0690560340881348, -0.03908457234501839, -0.007191634736955166, -3.212462902069092, 1594933903620.26]
[0.1207583099603653, -0.15644146502017975, -1.0700386762619019, -0.039411842823028564, -0.013415493071079254, -3.205606698989868, 1594933903749.94]
[0.13041652739048004, -0.15005306899547577, -1.0630874633789062, -0.03892645612359047, -0.014092755503952503, -3.197847843170166, 1594933903818.937]
[0.14436161518096924, -0.14318737387657166, -1.058841347694397, -0.038772113621234894, -0.012544726952910423, -3.1974899768829346, 1594933903886.002]
[0.1543254256248474, -0.13528892397880554, -1.0579991340637207, -0.039845917373895645, -0.011056462302803993, -3.19085431098938, 1594933904022.9038]
[0.16880114376544952, -0.1266878992319107, -1.0578631162643433, -0.04119667410850525, -0.015462014824151993, -3.1900696754455566, 1594933904031.6812]
[0.181516632437706, -0.11840321868658066, -1.0568289756774902, -0.040825653821229935, -0.018016116693615913, -3.1771280765533447, 1594933904159.748]
[0.19187089800834656, -0.11067616194486618, -1.0565884113311768, -0.04239916801452637, -0.022170130163431168, -3.1572484970092773, 1594933904167.731]
[0.198288232088089, -0.10204537212848663, -1.0542069673538208, -0.040528614073991776, -0.017725391313433647, -3.1441304683685303, 1594933904226.757]
[0.20309889316558838, -0.09760747104883194, -1.053543210029602, -0.04387923702597618, -0.018165847286581993, -3.142056703567505, 1594933904295.736]
[0.21126578748226166, -0.08868876099586487, -1.052627682685852, -0.04297477379441261, -0.018722396343946457, -3.1364691257476807, 1594933904366.0122]
[0.21996402740478516, -0.07237720489501953, -1.053246021270752, -0.035691600292921066, -0.026684856042265892, -3.136613368988037, 1594933904440.798]
[0.22304141521453857, -0.06367560476064682, -1.049034833908081, -0.032510027289390564, -0.021389126777648926, -3.135758399963379, 1594933904501.919]
[0.22946438193321228, -0.04849020019173622, -1.0467413663864136, -0.030399885028600693, -0.02318335883319378, -3.1254820823669434, 1594933904567.611]
[0.2787771224975586, -0.014613751322031021, -1.0370362997055054, -0.00873622391372919, -0.06998230516910553, -3.131516695022583, 1594933904635.66]
[0.3062713146209717, 0.010848662815988064, -1.0334128141403198, 0.004138064570724964, -0.08986148238182068, -3.067901372909546, 1594933904918.6921]
[0.30632489919662476, 0.03495778515934944, -1.0310636758804321, 0.004337944556027651, -0.09061243385076523, -3.0344974994659424, 1594933904997.0132]
[0.300007700920105, 0.04206918179988861, -1.0305873155593872, 0.004260558634996414, -0.0847618505358696, -3.018366813659668, 1594933905057.7852]
[0.2965731918811798, 0.04793540760874748, -1.0295342206954956, 0.0032758356537669897, -0.08632171154022217, -2.995746374130249, 1594933905125.258]
[0.2921152710914612, 0.054180629551410675, -1.0294727087020874, 0.005584421567618847, -0.08016066998243332, -2.9765162467956543, 1594933905193.4668]
[0.2864784300327301, 0.07243463397026062, -1.0288722515106201, 0.024031436070799828, -0.0841207355260849, -2.9687414169311523, 1594933905259.928]
[0.2786847651004791, 0.08787426352500916, -1.0162394046783447, 0.019333213567733765, -0.08810674399137497, -2.9633421897888184, 1594933905392.8599]
[0.2753038704395294, 0.0978260263800621, -1.009838342666626, 0.019299469888210297, -0.08994972705841064, -2.9595577716827393, 1594933905462.227]
[0.27237755060195923, 0.10796470195055008, -1.0061806440353394, 0.02501949854195118, -0.0932115986943245, -2.949732542037964, 1594933905537.206]
[0.26445499062538147, 0.11699925363063812, -1.0068796873092651, 0.02551835961639881, -0.09417441487312317, -2.9428341388702393, 1594933905598.643]
[0.25030726194381714, 0.1332344263792038, -1.0031672716140747, 0.031780775636434555, -0.09693672508001328, -2.945683479309082, 1594933905667.379]
[0.23977580666542053, 0.1431228220462799, -1.0009150505065918, 0.028577890247106552, -0.09919963032007217, -2.94160795211792, 1594933905802.299]
[0.23475775122642517, 0.14833353459835052, -1.0014233589172363, 0.03417026251554489, -0.09867526590824127, -2.941577672958374, 1594933905873.6729]
[0.21481190621852875, 0.1644182950258255, -1.0007978677749634, 0.036753177642822266, -0.10924726724624634, -2.9454784393310547, 1594933905937.76]
[0.19472894072532654, 0.177890807390213, -0.998508095741272, 0.04669399932026863, -0.07556544989347458, -2.957038164138794, 1594933906005.285]
[0.1770845651626587, 0.1867186725139618, -0.9948602914810181, 0.04737262427806854, -0.07322178781032562, -2.963442325592041, 1594933906140.1838]
[0.1533532738685608, 0.20464381575584412, -0.9845231771469116, 0.050977133214473724, -0.08713182061910629, -2.9802792072296143, 1594933906359.086]
[0.12025552988052368, 0.21899476647377014, -0.9698679447174072, 0.06471244245767593, -0.08831847459077835, -3.000335931777954, 1594933906368.35]
[0.0854870155453682, 0.2333040088415146, -0.958504855632782, 0.0761091560125351, -0.07205398380756378, -3.009451389312744, 1594933906482.24]
[0.06271874159574509, 0.23867224156856537, -0.9539995789527893, 0.08368358761072159, -0.07272282987833023, -3.017272710800171, 1594933906490.653]
[0.04447639733552933, 0.24056680500507355, -0.9514347314834595, 0.08273018151521683, -0.06952909380197525, -3.0209898948669434, 1594933906499.0251]
[0.036042220890522, 0.24131490290164948, -0.9511252641677856, 0.08541777729988098, -0.07046494632959366, -3.02400541305542, 1594933906507.199]
[0.006901428569108248, 0.23951579630374908, -0.9475021958351135, 0.08958863466978073, -0.06339044123888016, -3.0375022888183594, 1594933906621.055]
[-0.013623579405248165, 0.23620164394378662, -0.9437531232833862, 0.10198751091957092, -0.135795459151268, -3.028665542602539, 1594933906637.069]
[-0.050134897232055664, 0.23015306890010834, -0.9385459423065186, 0.09023552387952805, -0.03818493336439133, -3.0555341243743896, 1594933906895.06]
[-0.09450291097164154, 0.19844846427440643, -0.9209280014038086, 0.074928879737854, -0.020998043939471245, -3.079068660736084, 1594933907031.1228]
[-0.12366559356451035, 0.1618451476097107, -0.9082635045051575, 0.061717744916677475, -0.015483942814171314, -3.1071841716766357, 1594933907038.83]
[-0.13535109162330627, 0.13388285040855408, -0.8871179223060608, 0.04890177398920059, -0.013727275654673576, -3.119809627532959, 1594933907097.2568]
[-0.14228028059005737, 0.11903612315654755, -0.8949533700942993, 0.03802446275949478, -0.008803825825452805, -3.131180763244629, 1594933907234.731]
[-0.1500217616558075, 0.10103470832109451, -0.8850483298301697, 0.02644684910774231, -0.004741569980978966, -3.1354784965515137, 1594933907301.125]
[-0.16033898293972015, 0.08064161241054535, -0.878262460231781, 0.019008157774806023, -0.0035249192733317614, -3.1303045749664307, 1594933907369.843]
[-0.163510262966156, 0.07434298098087311, -0.8769594430923462, 0.01823336072266102, -0.000863482418935746, -3.13604474067688, 1594933907437.94]
[-0.16834571957588196, 0.06252945214509964, -0.8745235204696655, 0.007898692041635513, 0.005505496636033058, -3.1428022384643555, 1594933907445.516]
[-0.17544995248317719, 0.02418142557144165, -0.8686589002609253, 0.0023414038587361574, 0.0014473460614681244, -3.158223867416382, 1594933907572.28]
[-0.18028506636619568, 0.006157292053103447, -0.8626537322998047, -0.016831664368510246, 0.007845927029848099, -3.1622800827026367, 1594933907707.23]
[-0.1804928332567215, -0.014737287536263466, -0.8454461693763733, -0.01844167523086071, 0.0060478514060378075, -3.1601834297180176, 1594933907775.79]
[-0.18179072439670563, -0.03465292230248451, -0.8354329466819763, -0.023390525951981544, 0.008618133142590523, -3.167391300201416, 1594933907911.713]
[-0.1811324506998062, -0.04117099940776825, -0.8298224806785583, -0.024394825100898743, 0.009374593384563923, -3.1702871322631836, 1594933907919.38]
[-0.18090632557868958, -0.0557706281542778, -0.8256508708000183, -0.02461654506623745, 0.014131381176412106, -3.182650089263916, 1594933907974.767]
[-0.17715425789356232, -0.08340582251548767, -0.8133944869041443, -0.03535338491201401, 0.01314547099173069, -3.196376323699951, 1594933907987.7231]
[-0.16929389536380768, -0.11604122817516327, -0.8082567453384399, -0.049487583339214325, 0.01569228619337082, -3.215144634246826, 1594933908033.009]
[-0.15967728197574615, -0.13957037031650543, -0.7989996671676636, -0.04591764509677887, 0.00972819421440363, -3.220831871032715, 1594933908128.96]
[-0.1539321094751358, -0.157148540019989, -0.7978357672691345, -0.05925266444683075, 0.01183765847235918, -3.221506118774414, 1594933908249.581]
[-0.14461760222911835, -0.16836272180080414, -0.7959872484207153, -0.054611023515462875, 0.011188190430402756, -3.227241277694702, 1594933908290.662]
[-0.13952191174030304, -0.1729448437690735, -0.7988327741622925, -0.05650617927312851, 0.00857325829565525, -3.224971294403076, 1594933908395.7861]
[-0.12448851019144058, -0.18705034255981445, -0.7948405146598816, -0.06067779287695885, 0.001858212985098362, -3.214442729949951, 1594933908437.626]
[-0.11499202996492386, -0.19352218508720398, -0.7917530536651611, -0.06402746587991714, -0.003251207061111927, -3.209345579147339, 1594933908488.581]
[-0.10392558574676514, -0.203195720911026, -0.7871887683868408, -0.06887122243642807, -0.005842574872076511, -3.208031415939331, 1594933908609.953]
[-0.09711644798517227, -0.21073268353939056, -0.782379150390625, -0.07432837784290314, -0.006535005755722523, -3.2061264514923096, 1594933908718.933]
[-0.09017499536275864, -0.2160702496767044, -0.7792193293571472, -0.07516692578792572, -0.004623296670615673, -3.2017228603363037, 1594933908761.7139]
[-0.07802250236272812, -0.22367070615291595, -0.7821546792984009, -0.05874112993478775, 0.0014832181623205543, -3.199885129928589, 1594933908809.0488]
[0.0881890207529068, -0.21084843575954437, -0.784081757068634, -0.07928096503019333, -0.0363938994705677, -3.1428258419036865, 1594933909823.4402]
[0.11537543684244156, -0.20330475270748138, -0.7810083627700806, -0.07749242335557938, -0.04370976611971855, -3.132746696472168, 1594933909883.29]
[0.1303105354309082, -0.1972639411687851, -0.7763955593109131, -0.0793258547782898, -0.04192410781979561, -3.1223814487457275, 1594933909891.0989]
[0.15026673674583435, -0.18631161749362946, -0.7826713919639587, -0.07329566776752472, -0.045188434422016144, -3.1113836765289307, 1594933909966.574]
[0.16769425570964813, -0.1778857409954071, -0.7840749025344849, -0.07185766100883484, -0.05691904574632645, -3.1055195331573486, 1594933910033.784]
[0.17058858275413513, -0.17470954358577728, -0.7827139496803284, -0.07059094309806824, -0.07343442738056183, -3.0925872325897217, 1594933910102.248]
[0.1728440523147583, -0.1718209832906723, -0.7822573781013489, -0.06959071755409241, -0.07478685677051544, -3.089386463165283, 1594933910171.303]
[0.1776898205280304, -0.16388994455337524, -0.7823607325553894, -0.06668850779533386, -0.07701495289802551, -3.0807571411132812, 1594933910237.258]
[0.18477016687393188, -0.15272200107574463, -0.7872264981269836, -0.06774032115936279, -0.07692474126815796, -3.061450242996216, 1594933910378.4958]
[0.19242295622825623, -0.13566754758358002, -0.7929754257202148, -0.05427907407283783, -0.07514585554599762, -3.0452728271484375, 1594933910511.046]
[0.19625014066696167, -0.12700487673282623, -0.7964438796043396, -0.05392574518918991, -0.07265777885913849, -3.040534257888794, 1594933910519.012]
[0.20319285988807678, -0.11300890892744064, -0.7949791550636292, -0.04738472029566765, -0.07372929900884628, -3.0342495441436768, 1594933910581.3079]
[0.21115179359912872, -0.09734570235013962, -0.7943360209465027, -0.0427466556429863, -0.07459662854671478, -3.0318503379821777, 1594933910647.954]
[0.21831363439559937, -0.08439378440380096, -0.7906355261802673, -0.038992732763290405, -0.06821873784065247, -3.0278406143188477, 1594933910715.8862]
[0.2260303944349289, -0.07222910225391388, -0.7883491516113281, -0.035715967416763306, -0.07577050477266312, -3.026254892349243, 1594933910793.158]
[0.22906215488910675, -0.06661878526210785, -0.7861061096191406, -0.037501927465200424, -0.07331331819295883, -3.0215370655059814, 1594933910851.445]
[0.2374287098646164, -0.05000290274620056, -0.7801330089569092, -0.037164561450481415, -0.07667103409767151, -3.012068271636963, 1594933910919.963]
[0.24330435693264008, -0.03768067806959152, -0.7800309658050537, -0.03214230015873909, -0.07665163278579712, -3.004814386367798, 1594933910984.0059]
[0.2451406866312027, -0.029959486797451973, -0.7775706648826599, -0.025760170072317123, -0.07755888998508453, -3.002415657043457, 1594933910992.5771]
[0.24931888282299042, -0.012621224857866764, -0.7767988443374634, -0.018596166744828224, -0.07595550268888474, -2.992431640625, 1594933911057.946]
[0.2508871555328369, -0.0025161902885884047, -0.7755180597305298, -0.014158472418785095, -0.07520373165607452, -2.9882497787475586, 1594933911121.916]
[0.25232818722724915, 0.01939253695309162, -0.7702938914299011, 0.0016642208211123943, -0.07372204214334488, -2.982609987258911, 1594933911139.616]
[0.2533377408981323, 0.04900557920336723, -0.7617273330688477, 0.02086004428565502, -0.07583735138177872, -2.9732208251953125, 1594933911196.871]
[0.25346362590789795, 0.055066950619220734, -0.758350133895874, 0.02320762909948826, -0.07792290300130844, -2.9727048873901367, 1594933911265.814]
[0.25491005182266235, 0.07522530108690262, -0.7510787844657898, 0.029832635074853897, -0.07992314547300339, -2.9632370471954346, 1594933911333.782]
[0.2547941505908966, 0.08643761277198792, -0.7476348876953125, 0.03247593343257904, -0.08029890805482864, -2.9605677127838135, 1594933911400.774]
[0.25100177526474, 0.10137633979320526, -0.7435540556907654, 0.03460153192281723, -0.07872408628463745, -2.954613447189331, 1594933911544.962]
[0.24745330214500427, 0.10990957915782928, -0.7424404621124268, 0.035407960414886475, -0.08246328681707382, -2.9474246501922607, 1594933911605.8582]
[0.24315419793128967, 0.11740323901176453, -0.7408932447433472, 0.032181259244680405, -0.08257351815700531, -2.936340093612671, 1594933911613.3809]
[0.23834459483623505, 0.12438066303730011, -0.7383731603622437, 0.035748615860939026, -0.08122517168521881, -2.919394016265869, 1594933911674.702]
[0.23066464066505432, 0.13658039271831512, -0.7355726361274719, 0.03599744290113449, -0.08638758212327957, -2.891230583190918, 1594933911741.011]
[0.22043801844120026, 0.149640753865242, -0.7302697896957397, 0.036754410713911057, -0.0908409059047699, -2.883786201477051, 1594933911944.542]
[0.21672579646110535, 0.15405449271202087, -0.7297598123550415, 0.03799039497971535, -0.08550947904586792, -2.885531187057495, 1594933912022.9011]
[0.2121310830116272, 0.15806713700294495, -0.7278305292129517, 0.038452405482530594, -0.08901283890008926, -2.8892366886138916, 1594933912081.328]
[0.19297611713409424, 0.17286980152130127, -0.7255412936210632, 0.036492232233285904, -0.07165270298719406, -2.8990516662597656, 1594933912149.521]
[0.17991988360881805, 0.18066246807575226, -0.7250208854675293, 0.034285321831703186, -0.08699613064527512, -2.923740863800049, 1594933912288.079]
[0.16119611263275146, 0.1900172233581543, -0.7229222059249878, 0.036438651382923126, -0.07620560377836227, -2.940342903137207, 1594933912489.734]
[0.14584174752235413, 0.19651342928409576, -0.720754086971283, 0.03491648659110069, -0.08591014891862869, -2.9553637504577637, 1594933912560.426]
[0.1283741295337677, 0.2041870355606079, -0.7230466604232788, 0.018137261271476746, -0.0696900263428688, -2.9678499698638916, 1594933912568.823]
[-0.07768390327692032, 0.17994585633277893, -0.6831110715866089, 0.02039158158004284, -0.03351735696196556, -3.0268969535827637, 1594933913736.4358]
[-0.07896091789007187, 0.18240609765052795, -0.6817989349365234, 0.022457411512732506, -0.034975189715623856, -3.0411319732666016, 1594933913806.095]
[-0.07394708693027496, 0.18510203063488007, -0.6826803684234619, 0.025721639394760132, -0.03697298467159271, -3.0504231452941895, 1594933913872.181]
[-0.07119578123092651, 0.18627965450286865, -0.6830572485923767, 0.022736139595508575, -0.03485124930739403, -3.051971912384033, 1594933913881.332]
[-0.058410581201314926, 0.19446370005607605, -0.6927567720413208, -0.00040940550388768315, -0.028078095987439156, -3.0449841022491455, 1594933913954.169]
[-0.11856337636709213, 0.16823355853557587, -0.6434028148651123, 0.04221999645233154, -0.02906203828752041, -3.0587801933288574, 1594933914706.843]
[-0.13871696591377258, 0.14448462426662445, -0.6391943097114563, 0.043302394449710846, -0.022559043020009995, -3.0877230167388916, 1594933914778.541]
[-0.15177834033966064, 0.12451070547103882, -0.6368322372436523, 0.04138293117284775, -0.01516429428011179, -3.112495183944702, 1594933914842.791]
[-0.15873903036117554, 0.1137361004948616, -0.6354019641876221, 0.039077796041965485, -0.010082301683723927, -3.124091625213623, 1594933914909.925]
[-0.1711408495903015, 0.08451809734106064, -0.6264906525611877, 0.028877930715680122, -0.0028590920846909285, -3.1392929553985596, 1594933914977.009]
[-0.18224357068538666, 0.05600305274128914, -0.6227269172668457, 0.013333353213965893, 0.007963810116052628, -3.1619439125061035, 1594933915044.771]
[-0.19073382019996643, 0.03110930323600769, -0.6200358867645264, 0.0020005982369184494, 0.018779203295707703, -3.174943208694458, 1594933915245.792]
[-0.196492537856102, -0.0033837174996733665, -0.6155554056167603, -0.007304671220481396, 0.026453547179698944, -3.1970462799072266, 1594933915384.616]
[-0.19470953941345215, -0.025807742029428482, -0.6121947765350342, -0.0051147062331438065, 0.029862135648727417, -3.212390899658203, 1594933915409.59]
[-0.18869230151176453, -0.04568542540073395, -0.6117027401924133, -0.019653135910630226, 0.024862252175807953, -3.230333089828491, 1594933915418.741]
[-0.1776295006275177, -0.06687988340854645, -0.6103501915931702, -0.012222475372254848, 0.034318048506975174, -3.240978479385376, 1594933915442.6082]
[-0.1642851084470749, -0.08366713672876358, -0.6072767972946167, -0.016162769868969917, 0.032573994249105453, -3.2483882904052734, 1594933915473.341]
[-0.15780647099018097, -0.08768976479768753, -0.6068404912948608, -0.01327199675142765, 0.03085038810968399, -3.250756025314331, 1594933915516.567]
[-0.1319970190525055, -0.10703881829977036, -0.5968461036682129, -0.03246230259537697, 0.003178232116624713, -3.2467095851898193, 1594933915565.887]
[-0.11040172725915909, -0.12365703284740448, -0.5877516865730286, -0.03358333557844162, 0.017901159822940826, -3.237215995788574, 1594933915768.568]
[-0.10183213651180267, -0.12826451659202576, -0.585889995098114, -0.03517447039484978, 0.014837176539003849, -3.236617088317871, 1594933915817.547]
[-0.0834183543920517, -0.13602092862129211, -0.5863210558891296, -0.038460873067379, 0.0125424824655056, -3.244868755340576, 1594933915877.5042]
[-0.06038450077176094, -0.14153485000133514, -0.5841761827468872, -0.043132856488227844, -0.0018199789337813854, -3.2408812046051025, 1594933916000.386]
[-0.02822047472000122, -0.14995230734348297, -0.5860797762870789, -0.04467098414897919, -0.012927436269819736, -3.242621660232544, 1594933916077.77]
[-0.011275033466517925, -0.15151028335094452, -0.5844091176986694, -0.04375913366675377, -0.017134234309196472, -3.230790853500366, 1594933916136.688]
[0.01300746574997902, -0.15095344185829163, -0.5821391344070435, -0.04087071493268013, -0.02085987851023674, -3.224864959716797, 1594933916228.41]
[0.03613661602139473, -0.1467747539281845, -0.5795026421546936, -0.04686152935028076, -0.023550931364297867, -3.2134110927581787, 1594933916500.3208]
[0.08322937786579132, -0.13253852725028992, -0.5731547474861145, -0.049401506781578064, -0.043323274701833725, -3.176112413406372, 1594933916569.361]
[0.09560918062925339, -0.12764109671115875, -0.5688286423683167, -0.05242098122835159, -0.04170386865735054, -3.167214870452881, 1594933916705.2578]
[0.12066522985696793, -0.11809293925762177, -0.5629512667655945, -0.05183406546711922, -0.04635081812739372, -3.1548075675964355, 1594933916772.32]
[0.12700577080249786, -0.11591705679893494, -0.5611550807952881, -0.052104976028203964, -0.04523441940546036, -3.152535915374756, 1594933916976.199]
[0.1385713815689087, -0.11178617179393768, -0.5595976710319519, -0.05294928699731827, -0.04896462708711624, -3.147345781326294, 1594933916983.997]
[0.1840929239988327, -0.07817525416612625, -0.5560704469680786, -0.0540592335164547, -0.06310394406318665, -3.1342544555664062, 1594933917113.291]
[0.19213993847370148, -0.06599884480237961, -0.5562771558761597, -0.05242649465799332, -0.06956339627504349, -3.121068239212036, 1594933917246.438]
[0.21255970001220703, -0.03602191060781479, -0.5560159683227539, -0.05331259220838547, -0.0820063054561615, -3.089465618133545, 1594933917327.659]
[0.21636073291301727, -0.03042992204427719, -0.5563792586326599, -0.055155590176582336, -0.08340157568454742, -3.0872602462768555, 1594933917381.18]
[0.23117896914482117, 0.0001806050568120554, -0.5602931976318359, -0.027339117601513863, -0.09642048925161362, -3.1028575897216797, 1594933917450.126]
[0.23311813175678253, 0.021679893136024475, -0.5586679577827454, -0.03063340112566948, -0.10316494852304459, -3.099246025085449, 1594933917586.067]
[0.23254454135894775, 0.02603229321539402, -0.5574528574943542, -0.033377379179000854, -0.1026298776268959, -3.0938560962677, 1594933917665.992]
[0.23138052225112915, 0.034496404230594635, -0.5572382211685181, -0.03342212736606598, -0.10425683110952377, -3.085089921951294, 1594933917735.094]
[0.23030729591846466, 0.03836272284388542, -0.5573116540908813, -0.033500105142593384, -0.10453423857688904, -3.079897165298462, 1594933917812.212]
[0.22772808372974396, 0.04628121852874756, -0.5577457547187805, -0.03407338634133339, -0.10627178102731705, -3.07364821434021, 1594933917873.956]
[0.22194530069828033, 0.054048433899879456, -0.5575185418128967, -0.03529689460992813, -0.09931758791208267, -3.0596797466278076, 1594933917942.035]
[0.21242587268352509, 0.06286060065031052, -0.5576984286308289, -0.03762541338801384, -0.09254615753889084, -3.0547966957092285, 1594933918010.9092]
[0.20386329293251038, 0.07316150516271591, -0.5588441491127014, -0.037610795348882675, -0.09244241565465927, -3.0590147972106934, 1594933918018.595]
[0.1931704431772232, 0.08779416233301163, -0.5592404007911682, -0.03649233281612396, -0.08974766731262207, -3.0531816482543945, 1594933918143.926]
[0.18942582607269287, 0.09262045472860336, -0.5589183568954468, -0.03616812080144882, -0.0897621363401413, -3.056713819503784, 1594933918214.915]
[0.18173380196094513, 0.10116791725158691, -0.5592647194862366, -0.034459277987480164, -0.09227308630943298, -3.0639548301696777, 1594933918222.597]
[0.17320513725280762, 0.10738705843687057, -0.5591338872909546, -0.03423944488167763, -0.09573089331388474, -3.0568783283233643, 1594933918289.818]
[0.15341684222221375, 0.11446349322795868, -0.5561280250549316, -0.03511149808764458, -0.0771494060754776, -3.0443968772888184, 1594933918349.983]
[0.14405231177806854, 0.11690586805343628, -0.5567486882209778, -0.03735367953777313, -0.0946739986538887, -3.0228986740112305, 1594933918415.831]
[0.12388885766267776, 0.12141453474760056, -0.5536449551582336, -0.03827818110585213, -0.06478405743837357, -3.0141048431396484, 1594933918485.068]
[0.09314340353012085, 0.12841816246509552, -0.5506517291069031, -0.04277748242020607, -0.06547296047210693, -2.994551181793213, 1594933918560.364]
[0.08329149335622787, 0.12934499979019165, -0.5476593971252441, -0.046464964747428894, -0.0618000254034996, -2.9937915802001953, 1594933918688.7432]
[0.057356998324394226, 0.1303676962852478, -0.5424432158470154, -0.051983777433633804, -0.059896763414144516, -2.987165689468384, 1594933918755.6902]
[0.034065328538417816, 0.12261224538087845, -0.538297712802887, -0.06392975896596909, -0.04996129870414734, -2.995109796524048, 1594933918913.0981]
[-0.010046826675534248, 0.1179550364613533, -0.528846800327301, -0.06467176228761673, -0.027322977781295776, -2.9996273517608643, 1594933918973.695]
[-0.022703109309077263, 0.11479349434375763, -0.5235339999198914, -0.05842605233192444, -0.028362322598695755, -2.9962308406829834, 1594933918981.3918]
[-0.03119979426264763, 0.11271966248750687, -0.5254729390144348, -0.033222392201423645, -0.10617387294769287, -2.9958925247192383, 1594933919040.641]
[-0.0515713170170784, 0.10496927797794342, -0.5192001461982727, -0.060259781777858734, -0.022103987634181976, -2.997441530227661, 1594933919048.388]
[-0.06505006551742554, 0.09802214801311493, -0.5149423480033875, -0.061738744378089905, -0.02017821930348873, -3.006182909011841, 1594933919175.653]
[-0.07858289778232574, 0.09005860984325409, -0.5130394101142883, -0.060265302658081055, -0.013624233193695545, -3.0187578201293945, 1594933919259.096]
[-0.09686020761728287, 0.08653124421834946, -0.5098139643669128, -0.048526253551244736, -0.015901794657111168, -3.0210683345794678, 1594933919313.709]
[-0.1021457239985466, 0.08459378778934479, -0.5034894347190857, -0.04626297578215599, -0.005364848766475916, -3.0173046588897705, 1594933919382.726]
[-0.11445795744657516, 0.07804985344409943, -0.4915520250797272, -0.04635004326701164, 0.0021477476693689823, -3.011216640472412, 1594933919520.635]
[-0.12937042117118835, 0.06101132929325104, -0.47189992666244507, -0.029225964099168777, -0.032113216817379, -3.0189244747161865, 1594933919528.2842]
[-0.1395188868045807, 0.046499256044626236, -0.4622665345668793, -0.04370160773396492, 0.017963960766792297, -3.0511598587036133, 1594933919656.961]
[-0.1447727531194687, 0.03137625753879547, -0.44926759600639343, -0.04370007663965225, 0.022307878360152245, -3.066570520401001, 1594933919725.991]
[-0.1474982053041458, 0.023554833605885506, -0.4429604709148407, -0.04412369057536125, 0.02522173710167408, -3.0731122493743896, 1594933919793.69]
[-0.1515558809041977, 0.007327193859964609, -0.42894214391708374, -0.04633104056119919, 0.028848737478256226, -3.0884714126586914, 1594933919927.902]
[-0.15292322635650635, -0.021608207374811172, -0.4046531617641449, -0.05351568013429642, 0.03497428074479103, -3.11655330657959, 1594933919996.243]
[-0.15014739334583282, -0.043369896709918976, -0.3881136178970337, -0.05906404182314873, 0.037322089076042175, -3.1407487392425537, 1594933920134.43]
[-0.14875122904777527, -0.0629061907529831, -0.38377314805984497, -0.0782599002122879, 0.04260031506419182, -3.1720621585845947, 1594933920142.27]
[0.13949985802173615, 0.1035533994436264, -0.40399810671806335, -16.31124496459961, -2.005549430847168, -20.67106056213379, 1594933923025.4941]
[0.10188190639019012, 0.09809610992670059, -0.3746585547924042, -3.596693515777588, -1.9913538694381714, -1.7301772832870483, 1594933923170.561]
[0.39090341329574585, 0.17525894939899445, -1.0746759176254272, -0.054832953959703445, -0.04318314045667648, -1.4872936010360718, 1594933923276.634]
[-0.045942001044750214, 0.030192648991942406, -0.3948111832141876, -0.0020856792107224464, 0.042892731726169586, -3.092376470565796, 1594933924268.28]
[-0.046177785843610764, 0.030913861468434334, -0.4486808776855469, 0.007529067806899548, 0.02661910653114319, -3.127922534942627, 1594933924475.123]
[-0.05570394545793533, 0.029198404401540756, -0.5538214445114136, 0.0029601536225527525, 0.01062298659235239, -3.1935641765594482, 1594933924554.363]
[-0.05709393694996834, 0.024467840790748596, -0.6102844476699829, 0.025792330503463745, 0.015354162082076073, -3.216953992843628, 1594933924615.429]
[-0.05658634006977081, 0.023720141500234604, -0.6411548852920532, 0.009873542003333569, 0.01697104051709175, -3.2237024307250977, 1594933924682.105]
[-0.05610736832022667, 0.023807011544704437, -0.6562241315841675, 0.011242620646953583, 0.018495695665478706, -3.2234771251678467, 1594933924751.084]
[-0.056026969105005264, 0.02697763592004776, -0.7110457420349121, 0.02975877933204174, 0.025210151448845863, -3.223331928253174, 1594933924758.77]
[-0.056309618055820465, 0.030721396207809448, -0.7357853651046753, 0.012850912287831306, 0.022545844316482544, -3.206528425216675, 1594933924885.104]
[-0.06622591614723206, 0.03508913516998291, -0.7390345931053162, 0.011051613837480545, 0.023736806586384773, -3.189667224884033, 1594933924953.124]
[-0.08461521565914154, 0.04329643025994301, -0.77055424451828, 0.016356633976101875, 0.04670320078730583, -3.1778368949890137, 1594933924961.184]
