[-0.05643453449010849, 0.05129310488700867, -1.050434947013855, 0.04316667094826698, -0.0479489229619503, -3.0582175254821777, 1594933346753.277]
[-0.05672222375869751, 0.05226097255945206, -1.0504704713821411, 0.03961149603128433, -0.04775101691484451, -3.057429790496826, 1594933346890.404]
[-0.05686308071017265, 0.052460651844739914, -1.0509787797927856, 0.04260288178920746, -0.0442110113799572, -3.058182954788208, 1594933346955.178]
[-0.05662773922085762, 0.05227323994040489, -1.0513465404510498, 0.039772216230630875, -0.051064059138298035, -3.058748245239258, 1594933347026.21]
[-0.056173890829086304, 0.05140135437250137, -1.0494184494018555, 0.04131323844194412, -0.048514217138290405, -3.0604684352874756, 1594933347167.1072]
[-0.05637895688414574, 0.05065246298909187, -1.0495251417160034, 0.03812958300113678, -0.04541081190109253, -3.060537338256836, 1594933347174.778]
[-0.05678577348589897, 0.05079753324389458, -1.0495884418487549, 0.03872547671198845, -0.0466926246881485, -3.0596566200256348, 1594933347305.084]
[-0.057110100984573364, 0.050934016704559326, -1.0481481552124023, 0.042875245213508606, -0.05000130459666252, -3.05808162689209, 1594933347312.762]
[-0.05721959099173546, 0.05099862068891525, -1.048473596572876, 0.04331383854150772, -0.0488068126142025, -3.058933973312378, 1594933347374.3179]
[-0.05714576691389084, 0.05099746584892273, -1.0482430458068848, 0.04292383790016174, -0.047876350581645966, -3.0585522651672363, 1594933347444.457]
[-0.05680467188358307, 0.05071296915411949, -1.0473123788833618, 0.04228581488132477, -0.04578298702836037, -3.0568206310272217, 1594933347513.977]
[-0.05661811679601669, 0.050670236349105835, -1.0470483303070068, 0.03748209774494171, -0.046176884323358536, -3.0592682361602783, 1594933347579.0269]
[-0.056425388902425766, 0.050668228417634964, -1.0472267866134644, 0.04163334146142006, -0.04538276791572571, -3.060067653656006, 1594933347650.661]
[-0.05607713758945465, 0.05066680163145065, -1.0461559295654297, 0.040740858763456345, -0.04438706859946251, -3.060534715652466, 1594933347822.269]
[-0.05574967712163925, 0.05067862942814827, -1.046748161315918, 0.041351959109306335, -0.041366253048181534, -3.0622718334198, 1594933347853.663]
[-0.054602429270744324, 0.050659481436014175, -1.0447936058044434, 0.03972538560628891, -0.04253102093935013, -3.0623672008514404, 1594933347862.6658]
[-0.0538925938308239, 0.050660062581300735, -1.0445014238357544, 0.040528398007154465, -0.044859010726213455, -3.0615346431732178, 1594933347870.2139]
[-0.05305849760770798, 0.050709400326013565, -1.044999599456787, 0.042533617466688156, -0.048612043261528015, -3.0612237453460693, 1594933347891.9822]
[-0.050902944058179855, 0.05078442767262459, -1.0465649366378784, 0.04212237149477005, -0.04432344064116478, -3.060724973678589, 1594933347935.073]
[-0.047866638749837875, 0.05055214464664459, -1.0444998741149902, 0.0388745553791523, -0.043533626943826675, -3.0564377307891846, 1594933347991.138]
[-0.046427443623542786, 0.05057312175631523, -1.0453075170516968, 0.03782281652092934, -0.0408896766602993, -3.053323984146118, 1594933348052.2202]
[-0.043037764728069305, 0.050212353467941284, -1.0435011386871338, 0.03582492843270302, -0.0416204035282135, -3.049790382385254, 1594933348084.861]
[-0.04127885773777962, 0.04992238059639931, -1.0429928302764893, 0.040614206343889236, -0.041657283902168274, -3.0494799613952637, 1594933348135.835]
[-0.037190452218055725, 0.04820331558585167, -1.043271780014038, 0.034783367067575455, -0.04565327614545822, -3.050441026687622, 1594933348185.823]
[-0.03481660410761833, 0.047361671924591064, -1.0422219038009644, 0.03432019054889679, -0.04068615287542343, -3.0524635314941406, 1594933348245.6428]
[-0.029715262353420258, 0.04583233967423439, -1.0419107675552368, 0.03525833785533905, -0.039990365505218506, -3.053375244140625, 1594933348296.0652]
[-0.026777561753988266, 0.04514382407069206, -1.0420799255371094, 0.033678729087114334, -0.041537728160619736, -3.054443597793579, 1594933348339.061]
[-0.017624612897634506, 0.04346184805035591, -1.0438495874404907, 0.03383425623178482, -0.043716054409742355, -3.062166929244995, 1594933348390.742]
[-0.003076974768191576, 0.040432408452034, -1.0447341203689575, 0.03136739134788513, -0.05410771071910858, -3.063293933868408, 1594933348495.558]
[0.007122504059225321, 0.03754667565226555, -1.044201135635376, 0.03101377561688423, -0.05626616254448891, -3.0663137435913086, 1594933348588.705]
[0.017634233459830284, 0.03505229949951172, -1.0422724485397339, 0.026818562299013138, -0.058876361697912216, -3.0698673725128174, 1594933348698.587]
[0.02242852933704853, 0.03374050185084343, -1.0402971506118774, 0.023470330983400345, -0.057662490755319595, -3.0690386295318604, 1594933348794.901]
[0.024730699136853218, 0.03320799767971039, -1.0406070947647095, 0.02876230701804161, -0.06615240126848221, -3.067734956741333, 1594933348857.5972]
[0.03003208339214325, 0.031609803438186646, -1.0380576848983765, 0.02549235336482525, -0.06195017695426941, -3.0737810134887695, 1594933348930.6072]
[0.03626338765025139, 0.029964802786707878, -1.0365290641784668, 0.030891316011548042, -0.06345314532518387, -3.0748958587646484, 1594933348999.63]
[0.042465534061193466, 0.02866094373166561, -1.035897135734558, 0.022813133895397186, -0.06696653366088867, -3.0725762844085693, 1594933349066.073]
[0.04834556579589844, 0.027612904086709023, -1.0336214303970337, 0.025512492284178734, -0.060950953513383865, -3.068237066268921, 1594933349136.636]
[0.05112802982330322, 0.027137456461787224, -1.0342762470245361, 0.01888783648610115, -0.06251752376556396, -3.0654003620147705, 1594933349204.479]
[0.05762503296136856, 0.023342249915003777, -1.0314126014709473, 0.020217712968587875, -0.06561027467250824, -3.0615437030792236, 1594933349212.1638]
[0.06081850826740265, 0.022569067776203156, -1.0311015844345093, 0.01835034228861332, -0.06386673450469971, -3.0628721714019775, 1594933349270.4749]
[0.06742998212575912, 0.020671620965003967, -1.0280448198318481, 0.020322851836681366, -0.06867840141057968, -3.0631885528564453, 1594933349338.429]
[0.07092104107141495, 0.019495844841003418, -1.0280181169509888, 0.015644779428839684, -0.06208702176809311, -3.0620577335357666, 1594933349408.531]
[0.07874953001737595, 0.017730431631207466, -1.0263161659240723, 0.01319299265742302, -0.066400445997715, -3.062887668609619, 1594933349416.483]
[0.08295872807502747, 0.016720732674002647, -1.0251935720443726, 0.011505825445055962, -0.07010827958583832, -3.064307451248169, 1594933349474.4102]
[0.09571660310029984, 0.013326464220881462, -1.02411687374115, 0.012268509715795517, -0.06857824325561523, -3.0771684646606445, 1594933349543.731]
[0.10383310168981552, 0.010685577988624573, -1.0226396322250366, 0.010068828240036964, -0.0642557218670845, -3.082923650741577, 1594933349678.62]
[0.11186330020427704, 0.008426998741924763, -1.0246553421020508, 0.01278634648770094, -0.07172512263059616, -3.0875821113586426, 1594933349747.377]
[0.11875015497207642, 0.006356677506119013, -1.0249444246292114, 0.00986512191593647, -0.07174567133188248, -3.088341236114502, 1594933349755.0361]
[0.12198732793331146, 0.00538267707452178, -1.024271011352539, 0.00949761364609003, -0.07516641169786453, -3.090956211090088, 1594933349813.386]
[0.12814339995384216, 0.004466534126549959, -1.0242340564727783, 0.011701442301273346, -0.07342381030321121, -3.087172746658325, 1594933349947.8582]
[0.13388116657733917, 0.003548539010807872, -1.023923397064209, 0.00603335490450263, -0.07026693969964981, -3.0841989517211914, 1594933350025.931]
[0.13660667836666107, 0.0033295026514679193, -1.0222333669662476, 0.006403027568012476, -0.07011708617210388, -3.0868873596191406, 1594933350086.708]
[0.1436040997505188, 0.003375072730705142, -1.0219908952713013, 0.011621486395597458, -0.07233857363462448, -3.088442802429199, 1594933350155.086]
[0.14709097146987915, 0.003514879383146763, -1.0234899520874023, 0.008981598541140556, -0.07365629076957703, -3.0900607109069824, 1594933350231.458]
[0.1503680944442749, 0.003966005519032478, -1.0235114097595215, 0.009735356085002422, -0.07378408312797546, -3.09238338470459, 1594933350293.239]
[0.15441305935382843, 0.006294612772762775, -1.0279463529586792, 0.008566517382860184, -0.07330971956253052, -3.09735369682312, 1594933350300.914]
[0.15820030868053436, 0.009006785228848457, -1.0252747535705566, 0.011338978074491024, -0.06924811750650406, -3.102001190185547, 1594933350360.1738]
[0.15975511074066162, 0.009461892768740654, -1.0230528116226196, 0.01382310502231121, -0.06884237378835678, -3.102694511413574, 1594933350367.847]
[0.16341131925582886, 0.010791433043777943, -1.0213278532028198, 0.012166243977844715, -0.07391460984945297, -3.1067028045654297, 1594933350428.187]
[0.16532322764396667, 0.011310589499771595, -1.0213395357131958, 0.016374621540308, -0.07369985431432724, -3.108201265335083, 1594933350435.834]
[0.16905763745307922, 0.012480250559747219, -1.0214283466339111, 0.013129951432347298, -0.07375819981098175, -3.109766721725464, 1594933350495.2668]
[0.1710476577281952, 0.012729966081678867, -1.0192002058029175, 0.017770104110240936, -0.07529645413160324, -3.111677408218384, 1594933350692.5608]
[0.17466653883457184, 0.013182519935071468, -1.0146095752716064, 0.015768198296427727, -0.07845842093229294, -3.113391876220703, 1594933350765.352]
[0.178327739238739, 0.013624063692986965, -1.0142744779586792, 0.012868816964328289, -0.0718759074807167, -3.1171717643737793, 1594933350832.02]
[0.1817372888326645, 0.013048759661614895, -1.0129296779632568, 0.0141336340457201, -0.06917393952608109, -3.1156580448150635, 1594933350839.7979]
[0.18359123170375824, 0.012471727095544338, -1.0119850635528564, 0.01621696539223194, -0.07601062953472137, -3.115778923034668, 1594933350901.02]
[0.18722519278526306, 0.012355639599263668, -1.0138922929763794, 0.0182754248380661, -0.07621411979198456, -3.1170289516448975, 1594933350908.966]
[0.1900423914194107, 0.011434496380388737, -1.0135126113891602, 0.022063003852963448, -0.073825903236866, -3.109825849533081, 1594933350968.6838]
[0.18780048191547394, 0.010815958492457867, -1.013641357421875, 0.021275803446769714, -0.06992653012275696, -3.105581045150757, 1594933351035.981]
[0.18747055530548096, 0.010088177397847176, -1.012110948562622, 0.022742081433534622, -0.06524326652288437, -3.100487470626831, 1594933351104.01]
[0.18772345781326294, 0.012171045877039433, -1.009554386138916, 0.021985284984111786, -0.060961201786994934, -3.103925943374634, 1594933351183.2012]
[0.18937239050865173, 0.012575074099004269, -1.0097826719284058, 0.021049130707979202, -0.06168331205844879, -3.103250503540039, 1594933351242.922]
[0.1900550276041031, 0.01651160977780819, -1.0174305438995361, 0.026798546314239502, -0.05604466795921326, -3.108121633529663, 1594933351310.241]
[0.19789916276931763, 0.03511160612106323, -1.0148121118545532, 0.046804897487163544, -0.042963750660419464, -3.1190507411956787, 1594933351786.7588]
[0.20124158263206482, 0.042938970029354095, -1.016084909439087, 0.06192142516374588, -0.03777004033327103, -3.123661518096924, 1594933352379.3892]
[0.20427297055721283, 0.050098590552806854, -1.0120099782943726, 0.06793243438005447, -0.037924692034721375, -3.1140899658203125, 1594933352382.0479]
[0.20806103944778442, 0.0507093220949173, -1.0120675563812256, 0.06779763102531433, -0.032709453254938126, -3.1027462482452393, 1594933352384.562]
[0.2098233699798584, 0.05087722837924957, -1.0103996992111206, 0.07143798470497131, -0.028364600613713264, -3.097592353820801, 1594933352387.0908]
[0.21235091984272003, 0.051340747624635696, -1.011825680732727, 0.06839540600776672, -0.03284120559692383, -3.085745096206665, 1594933352388.743]
[0.21319246292114258, 0.05145629495382309, -1.0115478038787842, 0.07035569101572037, -0.029235858470201492, -3.0840725898742676, 1594933352390.85]
[0.21526925265789032, 0.05183126777410507, -1.0116978883743286, 0.07540101557970047, -0.0333954319357872, -3.086500644683838, 1594933352395.526]
[0.2174931913614273, 0.05140812695026398, -1.0115416049957275, 0.0699324905872345, -0.02712399698793888, -3.0874624252319336, 1594933352398.586]
[0.21939639747142792, 0.050918735563755035, -1.012158989906311, 0.07173720002174377, -0.027518240734934807, -3.087435007095337, 1594933352465.624]
[0.22011934220790863, 0.05045253038406372, -1.0112965106964111, 0.07723143696784973, -0.03414306417107582, -3.0860347747802734, 1594933352534.568]
[0.22038494050502777, 0.05042959377169609, -1.0128402709960938, 0.07350073009729385, -0.031047416850924492, -3.0839059352874756, 1594933352671.235]
[0.21814830601215363, 0.05070149898529053, -1.0109740495681763, 0.07000202685594559, -0.027233533561229706, -3.08060622215271, 1594933352807.4639]
[0.2173827439546585, 0.05044683441519737, -1.0095720291137695, 0.07422582060098648, -0.018234577029943466, -3.0818092823028564, 1594933352943.435]
[0.2167017012834549, 0.05035228654742241, -1.0093462467193604, 0.07324216514825821, -0.01822211965918541, -3.082322120666504, 1594933353010.121]
[0.2118874043226242, 0.050309326499700546, -1.0108507871627808, 0.07354629784822464, -0.03194458410143852, -3.0792412757873535, 1594933353018.528]
[0.20993226766586304, 0.05050770565867424, -1.0099953413009644, 0.07385073602199554, -0.019669946283102036, -3.0817689895629883, 1594933353026.135]
[0.2064104676246643, 0.049951888620853424, -1.0096601247787476, 0.06924399733543396, -0.02062554657459259, -3.079768657684326, 1594933353093.662]
[0.20143994688987732, 0.04482783377170563, -1.0081595182418823, 0.06661726534366608, -0.021846039220690727, -3.084739923477173, 1594933353156.403]
[0.19964280724525452, 0.04364858567714691, -1.0086427927017212, 0.06516119092702866, -0.02533769980072975, -3.083738327026367, 1594933353267.845]
[0.19475165009498596, 0.04124335199594498, -1.0109992027282715, 0.06156522408127785, -0.03397724777460098, -3.084825277328491, 1594933353292.317]
[0.19083593785762787, 0.039578188210725784, -1.0116713047027588, 0.06315638870000839, -0.02454056590795517, -3.0841262340545654, 1594933353303.171]
[0.18861570954322815, 0.03910965844988823, -1.0120208263397217, 0.06414877623319626, -0.020845290273427963, -3.085714340209961, 1594933353361.298]
[0.18414057791233063, 0.038842346519231796, -1.0160675048828125, 0.05748458206653595, -0.027793418616056442, -3.085937976837158, 1594933353498.33]
[0.17836140096187592, 0.038335010409355164, -1.0156996250152588, 0.0614539235830307, -0.026601679623126984, -3.085261821746826, 1594933353505.951]
[0.17317388951778412, 0.03735481947660446, -1.0157147645950317, 0.05792386084794998, -0.03405764326453209, -3.0892488956451416, 1594933353566.2488]
[0.17044557631015778, 0.023109588772058487, -1.0086512565612793, 0.04747169837355614, -0.04236308112740517, -3.0825414657592773, 1594933353635.246]
[0.16675730049610138, 0.02219517156481743, -0.9967921376228333, 0.04178284853696823, -0.060287799686193466, -3.079195976257324, 1594933353642.903]
[0.15709419548511505, 0.021536024287343025, -0.9969830513000488, 0.04186945781111717, -0.06011039391160011, -3.074282646179199, 1594933353702.269]
[0.152207612991333, 0.021211210638284683, -0.996990442276001, 0.0423247329890728, -0.06005696579813957, -3.0714669227600098, 1594933353769.657]
[0.13887891173362732, 0.021575018763542175, -1.0112066268920898, 0.040680576115846634, -0.05268033966422081, -3.073256492614746, 1594933353905.2031]
[0.13065488636493683, 0.022007379680871964, -1.027584433555603, 0.040540117770433426, -0.04866989329457283, -3.0747458934783936, 1594933353972.137]
[0.11851473152637482, 0.022505275905132294, -1.0304111242294312, 0.036750197410583496, -0.05746197700500488, -3.0697178840637207, 1594933354042.457]
[0.1144280880689621, 0.02264844812452793, -1.030532717704773, 0.03891832381486893, -0.0508759506046772, -3.0701777935028076, 1594933354107.1091]
[0.10705165565013885, 0.023660562932491302, -1.034353256225586, 0.04252084717154503, -0.05753099173307419, -3.071105718612671, 1594933354116.655]
[0.10330235213041306, 0.02321050874888897, -1.0358065366744995, 0.0345732644200325, -0.061437346041202545, -3.069234848022461, 1594933354176.096]
[0.09239189326763153, 0.033138833940029144, -1.0445971488952637, 0.0488571971654892, -0.05755363404750824, -3.072310209274292, 1594933354306.066]
[0.07979745417833328, 0.039242230355739594, -1.0399971008300781, 0.05310933291912079, -0.062161628156900406, -3.075352668762207, 1594933354385.301]
[0.06846051663160324, 0.04040595144033432, -1.0426732301712036, 0.058899592608213425, -0.06590942293405533, -3.0881404876708984, 1594933354456.743]
[0.06107534095644951, 0.04042048007249832, -1.0439320802688599, 0.05626494064927101, -0.06376928836107254, -3.0921621322631836, 1594933354593.137]
[0.05034453794360161, 0.04283209517598152, -1.048656940460205, 0.06336158514022827, -0.0665578693151474, -3.085533618927002, 1594933354661.926]
[0.038785699754953384, 0.046265847980976105, -1.049931287765503, 0.0683581754565239, -0.0640699714422226, -3.085339069366455, 1594933354798.848]
[0.03328975290060043, 0.04878260940313339, -1.0521178245544434, 0.06340517848730087, -0.06023605167865753, -3.080423355102539, 1594933354867.876]
[0.03037312440574169, 0.04978356882929802, -1.04995858669281, 0.06633485108613968, -0.06802326440811157, -3.0769946575164795, 1594933354875.9438]
[0.022771691903471947, 0.05226214602589607, -1.050676941871643, 0.06780067086219788, -0.06647470593452454, -3.0735976696014404, 1594933354935.3481]
[0.017766272649168968, 0.05256792902946472, -1.051072597503662, 0.0678868517279625, -0.06569504737854004, -3.077911138534546, 1594933355072.946]
[0.009973399341106415, 0.052369970828294754, -1.0515687465667725, 0.07051043957471848, -0.06119966506958008, -3.0760629177093506, 1594933355139.321]
[0.007406949065625668, 0.052024342119693756, -1.0502984523773193, 0.07176735252141953, -0.06618795543909073, -3.0753769874572754, 1594933355208.879]
[-0.0008403386455029249, 0.05132627859711647, -1.051215648651123, 0.07177233695983887, -0.06635256856679916, -3.0728423595428467, 1594933355272.798]
[-0.009037084877490997, 0.05193471163511276, -1.0544887781143188, 0.06889659911394119, -0.06842532008886337, -3.0688536167144775, 1594933355306.916]
[-0.01728758215904236, 0.05295311659574509, -1.0533082485198975, 0.07427939027547836, -0.0641237273812294, -3.064363956451416, 1594933355410.7659]
[-0.026757849380373955, 0.05542607977986336, -1.0511932373046875, 0.07225282490253448, -0.0637553408741951, -3.0552306175231934, 1594933355511.086]
[-0.034384530037641525, 0.057341836392879486, -1.0527679920196533, 0.07014811038970947, -0.05928906053304672, -3.051725149154663, 1594933355569.24]
[-0.03820477053523064, 0.05833132192492485, -1.0509545803070068, 0.07429943978786469, -0.0631556585431099, -3.048760175704956, 1594933355618.686]
[-0.04709196835756302, 0.06116544455289841, -1.0507826805114746, 0.07383538037538528, -0.05662744492292404, -3.0445556640625, 1594933355721.654]
[-0.0563201941549778, 0.06560675799846649, -1.0522267818450928, 0.07305140793323517, -0.05365543067455292, -3.039177656173706, 1594933355777.641]
[-0.060391850769519806, 0.06710071861743927, -1.0511698722839355, 0.07383894175291061, -0.051048293709754944, -3.0393881797790527, 1594933355830.245]
[-0.07223891466856003, 0.07218492031097412, -1.0547285079956055, 0.07588917762041092, -0.05149758234620094, -3.0475847721099854, 1594933355866.6948]
[-0.08057215064764023, 0.07984701544046402, -1.0566792488098145, 0.08115178346633911, -0.05148306488990784, -3.0490405559539795, 1594933355918.688]
[-0.084896981716156, 0.0829937681555748, -1.0562745332717896, 0.08172363042831421, -0.0496196523308754, -3.0464818477630615, 1594933355993.187]
[-0.09733396768569946, 0.08670485019683838, -1.052612543106079, 0.0849263146519661, -0.04806755110621452, -3.0603926181793213, 1594933356070.773]
[-0.10194430500268936, 0.08858571201562881, -1.0521831512451172, 0.08783967792987823, -0.0448136180639267, -3.0589656829833984, 1594933356128.794]
[-0.11002285033464432, 0.09063785523176193, -1.0505967140197754, 0.08691393584012985, -0.04414023831486702, -3.0629994869232178, 1594933356174.623]
[-0.11433553695678711, 0.09170587360858917, -1.0506839752197266, 0.084741972386837, -0.04177383333444595, -3.0633044242858887, 1594933356233.032]
[-0.1223495602607727, 0.09321621805429459, -1.0491552352905273, 0.0901491716504097, -0.04132864624261856, -3.064934015274048, 1594933356294.554]
[-0.12655673921108246, 0.09447073936462402, -1.0499542951583862, 0.08913853764533997, -0.04061400145292282, -3.0657296180725098, 1594933356364.562]
[-0.13478095829486847, 0.09595256298780441, -1.0499697923660278, 0.0911017507314682, -0.03767508640885353, -3.066709280014038, 1594933356432.601]
[-0.1388605833053589, 0.09669634699821472, -1.0505293607711792, 0.08913187682628632, -0.039753060787916183, -3.065852403640747, 1594933356499.71]
[-0.15859472751617432, 0.10143783688545227, -1.049764633178711, 0.09000307321548462, -0.03441164270043373, -3.057833433151245, 1594933356694.176]
[-0.16839541494846344, 0.10321249812841415, -1.0465176105499268, 0.08706969767808914, -0.02781512960791588, -3.053253173828125, 1594933356771.3772]
[-0.17873217165470123, 0.10361238569021225, -1.0472776889801025, 0.08937942981719971, -0.025924867019057274, -3.0510671138763428, 1594933356907.299]
[-0.18800830841064453, 0.10231834650039673, -1.0467172861099243, 0.08615715056657791, -0.025251800194382668, -3.049473762512207, 1594933356914.969]
[-0.19080550968647003, 0.10157303512096405, -1.0460925102233887, 0.08503162115812302, -0.028691785410046577, -3.0489110946655273, 1594933356977.4119]
[-0.19689136743545532, 0.09947053343057632, -1.04798424243927, 0.08544067293405533, -0.02607889473438263, -3.0515382289886475, 1594933357044.351]
[-0.20265698432922363, 0.096937395632267, -1.0496841669082642, 0.08352202922105789, -0.02520538493990898, -3.054263114929199, 1594933357120.635]
[-0.20739640295505524, 0.09498833864927292, -1.0489985942840576, 0.08242622762918472, -0.023232392966747284, -3.0557141304016113, 1594933357181.288]
[-0.21556034684181213, 0.09324369579553604, -1.0519307851791382, 0.08104193210601807, -0.02346990630030632, -3.0562169551849365, 1594933357317.364]
[-0.2230800837278366, 0.09277582913637161, -1.0517578125, 0.08063369244337082, -0.019585372880101204, -3.051412343978882, 1594933357325.283]
[-0.2287360280752182, 0.09174846857786179, -1.0531835556030273, 0.0777709111571312, -0.02282888814806938, -3.0522305965423584, 1594933357520.7688]
[-0.23856185376644135, 0.09023887664079666, -1.051708459854126, 0.07802494615316391, -0.020343266427516937, -3.053041696548462, 1594933357587.2122]
[-0.24223031103610992, 0.0891634002327919, -1.0491750240325928, 0.07770057022571564, -0.017085803672671318, -3.054622173309326, 1594933357661.203]
[-0.24391761422157288, 0.08901889622211456, -1.050075888633728, 0.07732827961444855, -0.01867666281759739, -3.0550737380981445, 1594933357795.0999]
[-0.24744963645935059, 0.08748012036085129, -1.048812747001648, 0.07605769485235214, -0.017407895997166634, -3.0574004650115967, 1594933357802.766]
[-0.2489171326160431, 0.08441604673862457, -1.0460877418518066, 0.0762946680188179, -0.021684132516384125, -3.05965256690979, 1594933357864.1702]
[-0.25016817450523376, 0.08343486487865448, -1.0479607582092285, 0.07706259191036224, -0.015290872193872929, -3.0609049797058105, 1594933357931.064]
[-0.2502254545688629, 0.08346626162528992, -1.0484380722045898, 0.07622215151786804, -0.015013051219284534, -3.0610063076019287, 1594933358001.058]
[-0.2488677054643631, 0.08453726768493652, -1.0484269857406616, 0.07602687180042267, -0.01571616902947426, -3.061021327972412, 1594933358138.128]
[-0.24816599488258362, 0.0857231616973877, -1.0492665767669678, 0.07371189445257187, -0.017435353249311447, -3.0603110790252686, 1594933358146.064]
[-0.24626672267913818, 0.08761322498321533, -1.0497347116470337, 0.07520060986280441, -0.01644750125706196, -3.0565056800842285, 1594933358213.32]
[-0.24465562403202057, 0.08768443763256073, -1.0500975847244263, 0.07575047016143799, -0.01509477011859417, -3.056670904159546, 1594933358411.898]
[-0.2418467104434967, 0.08709222078323364, -1.0497726202011108, 0.07272693514823914, -0.01825605519115925, -3.0561935901641846, 1594933358832.5042]
[-0.2385735958814621, 0.08501166850328445, -1.050425410270691, 0.07466059178113937, -0.01955331489443779, -3.0596656799316406, 1594933358834.034]
[-0.23421859741210938, 0.08369975537061691, -1.0522291660308838, 0.07334647327661514, -0.019070332869887352, -3.062749147415161, 1594933358836.472]
[-0.23165985941886902, 0.08309878408908844, -1.0527340173721313, 0.07539114356040955, -0.019378529861569405, -3.0641582012176514, 1594933358837.851]
[-0.2255323976278305, 0.08240769058465958, -1.0557003021240234, 0.0748191773891449, -0.02195087820291519, -3.068333864212036, 1594933358839.7751]
[-0.2136964499950409, 0.08113230764865875, -1.0568628311157227, 0.07516483962535858, -0.026400446891784668, -3.0702097415924072, 1594933358842.296]
[-0.21012356877326965, 0.08047959208488464, -1.057334303855896, 0.07759982347488403, -0.028725380077958107, -3.0726752281188965, 1594933358844.777]
[-0.20266592502593994, 0.07913762331008911, -1.0551784038543701, 0.07775966823101044, -0.028534643352031708, -3.0739240646362305, 1594933358888.717]
[-0.1994168758392334, 0.07835907489061356, -1.0564329624176025, 0.07460670918226242, -0.029706692323088646, -3.0759708881378174, 1594933358955.0012]
[-0.1918991506099701, 0.07692122459411621, -1.0534334182739258, 0.07809402793645859, -0.03246846795082092, -3.077302932739258, 1594933359023.8901]
[-0.18864504992961884, 0.07656034082174301, -1.0540859699249268, 0.07558968663215637, -0.029217027127742767, -3.0781753063201904, 1594933359090.939]
[-0.1779753565788269, 0.07562651485204697, -1.0515273809432983, 0.07539539784193039, -0.02934172749519348, -3.076751470565796, 1594933359158.911]
[-0.17069874703884125, 0.0755719542503357, -1.0507135391235352, 0.07413819432258606, -0.02654486894607544, -3.072930335998535, 1594933359302.211]
[-0.15944717824459076, 0.07662217319011688, -1.0521290302276611, 0.07386468350887299, -0.02859368734061718, -3.0654897689819336, 1594933359366.183]
[-0.1554933786392212, 0.07729928940534592, -1.0532509088516235, 0.07491808384656906, -0.03289363905787468, -3.0639052391052246, 1594933359433.82]
[-0.14323948323726654, 0.07745411247015, -1.0546512603759766, 0.07375240325927734, -0.032223835587501526, -3.0635600090026855, 1594933359450.4868]
[-0.1342744380235672, 0.07697054743766785, -1.0528157949447632, 0.07478291541337967, -0.03389952331781387, -3.0635383129119873, 1594933359505.727]
[-0.12981361150741577, 0.07694453746080399, -1.0523432493209839, 0.07612306624650955, -0.031965140253305435, -3.0625452995300293, 1594933359576.437]
[-0.11654949188232422, 0.07682017982006073, -1.0528148412704468, 0.07503720372915268, -0.03349659591913223, -3.059163808822632, 1594933359712.628]
[-0.10435309261083603, 0.07596147805452347, -1.0521326065063477, 0.07154396176338196, -0.03183610364794731, -3.0594513416290283, 1594933359720.315]
[-0.09600652009248734, 0.07479049265384674, -1.0499017238616943, 0.07145518809556961, -0.03859055042266846, -3.0545012950897217, 1594933359845.716]
[-0.09153818339109421, 0.07336011528968811, -1.0473222732543945, 0.07428262382745743, -0.0392363965511322, -3.0547099113464355, 1594933359854.533]
[-0.07858908921480179, 0.06817006319761276, -1.0457894802093506, 0.06500401347875595, -0.036931075155735016, -3.0549612045288086, 1594933359916.462]
[-0.06479202210903168, 0.06594527512788773, -1.0469789505004883, 0.06316394358873367, -0.03648723289370537, -3.0526392459869385, 1594933360121.6409]
[-0.055153924971818924, 0.06477149575948715, -1.0456292629241943, 0.059924062341451645, -0.03823595494031906, -3.0553417205810547, 1594933360129.3389]
[-0.0451190285384655, 0.06383989751338959, -1.0444543361663818, 0.057650212198495865, -0.03801633417606354, -3.0572028160095215, 1594933360189.614]
[-0.03483534976840019, 0.06282634288072586, -1.0444746017456055, 0.056592218577861786, -0.03651842102408409, -3.059176206588745, 1594933360258.897]
[-0.024314574897289276, 0.06172708794474602, -1.0412471294403076, 0.05530228465795517, -0.03656521812081337, -3.0596961975097656, 1594933360335.605]
[-0.008911360055208206, 0.06039770692586899, -1.0389201641082764, 0.0525958351790905, -0.04094694182276726, -3.055898666381836, 1594933360464.698]
[0.0009175192099064589, 0.05917690321803093, -1.0348676443099976, 0.05343636870384216, -0.037937361747026443, -3.053382158279419, 1594933360595.492]
[0.010683916509151459, 0.05715285986661911, -1.0310896635055542, 0.051493436098098755, -0.040122296661138535, -3.0509963035583496, 1594933360666.317]
[0.02034738101065159, 0.05261564627289772, -1.028120517730713, 0.04695383459329605, -0.03918013721704483, -3.051830530166626, 1594933360814.431]
[0.025110356509685516, 0.0506637804210186, -1.0279037952423096, 0.04638510197401047, -0.03883067145943642, -3.0523133277893066, 1594933360823.383]
[0.03935437276959419, 0.04244334250688553, -1.0238010883331299, 0.0413423515856266, -0.033284977078437805, -3.056203603744507, 1594933360884.821]
[0.04875908046960831, 0.03835387900471687, -1.0214349031448364, 0.04170991852879524, -0.0439610630273819, -3.057709217071533, 1594933361022.852]
[0.06195817515254021, 0.03340727463364601, -1.0194854736328125, 0.03960376977920532, -0.04690776392817497, -3.0618157386779785, 1594933361092.361]
[0.07497002929449081, 0.02944127470254898, -1.018087387084961, 0.03804732859134674, -0.04494044929742813, -3.066136360168457, 1594933361160.6008]
[0.07967446744441986, 0.0287689957767725, -1.0179479122161865, 0.03531738370656967, -0.03572934493422508, -3.067686080932617, 1594933361169.03]
[0.09463484585285187, 0.02752743288874626, -1.0164016485214233, 0.03418910875916481, -0.03811606019735336, -3.069478988647461, 1594933361179.137]
[0.10482309013605118, 0.02743840031325817, -1.015656590461731, 0.033649735152721405, -0.049273572862148285, -3.0704009532928467, 1594933361223.315]
[0.10992928594350815, 0.027240633964538574, -1.0154905319213867, 0.030588114634156227, -0.04949256405234337, -3.072227954864502, 1594933361299.409]
[0.12030154466629028, 0.027489133179187775, -1.0134599208831787, 0.03618137165904045, -0.05250753462314606, -3.073542833328247, 1594933361307.915]
[0.12576386332511902, 0.02783961035311222, -1.0125789642333984, 0.03230295330286026, -0.04181079939007759, -3.073306083679199, 1594933361316.236]
[0.13599534332752228, 0.028075359761714935, -1.0105738639831543, 0.03669806569814682, -0.04673479497432709, -3.0724263191223145, 1594933361430.1082]
[0.1413404643535614, 0.028155047446489334, -1.0098882913589478, 0.03192806988954544, -0.040297966450452805, -3.0711634159088135, 1594933361438.4329]
[0.14658841490745544, 0.028100240975618362, -1.0084720849990845, 0.033031776547431946, -0.04205092042684555, -3.0713412761688232, 1594933361446.8801]
[0.16009342670440674, 0.02725931443274021, -1.0033601522445679, 0.0340861976146698, -0.047296181321144104, -3.0772924423217773, 1594933361506.416]
[0.1642659306526184, 0.026636576279997826, -1.0026928186416626, 0.035469647496938705, -0.048429496586322784, -3.078644275665283, 1594933361634.9539]
[0.17563332617282867, 0.02423080801963806, -1.0003058910369873, 0.028293205425143242, -0.05128848925232887, -3.086637020111084, 1594933361712.135]
[0.18272922933101654, 0.022111447528004646, -0.9970477223396301, 0.03528253734111786, -0.05188165605068207, -3.092815399169922, 1594933361719.817]
[0.1930253803730011, 0.019168581813573837, -0.9979188442230225, 0.030494799837470055, -0.06151531636714935, -3.1009063720703125, 1594933361847.084]
[0.2007128894329071, 0.01572032831609249, -0.996364414691925, 0.03432939574122429, -0.06796476244926453, -3.10263729095459, 1594933361921.865]
[0.2070852816104889, 0.014086749404668808, -0.9976462721824646, 0.030374443158507347, -0.06373579055070877, -3.1035830974578857, 1594933361981.04]
[0.2103857845067978, 0.013438384979963303, -0.9952834248542786, 0.03231922537088394, -0.0641469806432724, -3.1023800373077393, 1594933362128.002]
[0.2158479541540146, 0.012969445437192917, -0.9948388934135437, 0.03555101528763771, -0.06758526712656021, -3.0997447967529297, 1594933362135.686]
[0.21959002315998077, 0.012924696318805218, -0.9944656491279602, 0.0322047621011734, -0.0547485277056694, -3.0967485904693604, 1594933362196.066]
[0.22170628607273102, 0.013057497330009937, -0.9949128031730652, 0.028861287981271744, -0.06546277552843094, -3.094782829284668, 1594933362263.4548]
[0.224783793091774, 0.012696729972958565, -0.991730809211731, 0.03125004842877388, -0.06459750980138779, -3.0919086933135986, 1594933362339.217]
[0.22683608531951904, 0.012731632217764854, -0.9922705888748169, 0.03181735798716545, -0.07113714516162872, -3.0925159454345703, 1594933362465.901]
[0.2287956178188324, 0.01262409146875143, -0.9919420480728149, 0.029842451214790344, -0.06483128666877747, -3.09114408493042, 1594933362534.958]
[0.23641864955425262, 0.012822222895920277, -0.9919249415397644, 0.03118971362709999, -0.06311530619859695, -3.0946054458618164, 1594933362604.91]
[0.2376851588487625, 0.01288287527859211, -0.9912142157554626, 0.02674744464457035, -0.06254236400127411, -3.0928237438201904, 1594933362675.968]
[0.24000531435012817, 0.013258930295705795, -0.9923242330551147, 0.02926415018737316, -0.0712154358625412, -3.0946784019470215, 1594933362719.938]
[0.24054817855358124, 0.013370676897466183, -0.9917941689491272, 0.02955787070095539, -0.06896252185106277, -3.09599232673645, 1594933362728.438]
[0.24179118871688843, 0.0134244030341506, -0.9917278289794922, 0.030028436332941055, -0.06950531899929047, -3.0959548950195312, 1594933362736.834]
[0.24221959710121155, 0.013539275154471397, -0.9925870895385742, 0.029612887650728226, -0.06795963644981384, -3.0950307846069336, 1594933362807.211]
[0.24234801530838013, 0.013713832944631577, -0.9924478530883789, 0.028654981404542923, -0.06381196528673172, -3.0949442386627197, 1594933362864.572]
[0.24248720705509186, 0.014121872372925282, -0.9931354522705078, 0.030996287241578102, -0.07351882010698318, -3.093748092651367, 1594933362958.834]
[0.2425273209810257, 0.014772597700357437, -0.9939132332801819, 0.027119621634483337, -0.07179812341928482, -3.09771990776062, 1594933363003.805]
[0.242118701338768, 0.01475218590348959, -0.9939186573028564, 0.032707005739212036, -0.07018035650253296, -3.0967702865600586, 1594933363055.765]
[0.24179679155349731, 0.014576505869626999, -0.9947370290756226, 0.031633760780096054, -0.07154937088489532, -3.094369888305664, 1594933363103.789]
[0.24048690497875214, 0.014512935653328896, -0.995880663394928, 0.02909703366458416, -0.07287575304508209, -3.090296506881714, 1594933363154.747]
[0.2353476583957672, 0.014868968166410923, -0.9984636902809143, 0.02828126959502697, -0.07770980149507523, -3.09135103225708, 1594933363355.719]
[0.22953814268112183, 0.014362054876983166, -0.9992493391036987, 0.030760904774069786, -0.0844152495265007, -3.0918054580688477, 1594933363406.6948]
[0.2249678373336792, 0.01386804785579443, -0.9981606006622314, 0.0270366407930851, -0.08466508239507675, -3.089247465133667, 1594933363510.983]
[0.21878822147846222, 0.014242900535464287, -1.001151204109192, 0.027355942875146866, -0.07952935993671417, -3.0886001586914062, 1594933363565.752]
[0.21655666828155518, 0.014611957594752312, -1.001577615737915, 0.030153987929224968, -0.0861450657248497, -3.090209722518921, 1594933363619.237]
[0.2117394059896469, 0.0149235213175416, -1.002556562423706, 0.029197098687291145, -0.07790861278772354, -3.09287166595459, 1594933363713.626]
[0.20569844543933868, 0.015211469493806362, -1.0037070512771606, 0.027923638001084328, -0.08073266595602036, -3.090590476989746, 1594933363762.9048]
[0.19909222424030304, 0.01531497947871685, -1.0048174858093262, 0.030437223613262177, -0.07618637382984161, -3.0921075344085693, 1594933363831.6218]
[0.19187025725841522, 0.015221644192934036, -1.0068258047103882, 0.02886006608605385, -0.07969396561384201, -3.095590114593506, 1594933363899.602]
[0.18757498264312744, 0.015018957667052746, -1.0063776969909668, 0.027012769132852554, -0.07941340655088425, -3.095829963684082, 1594933364033.5679]
[0.1787807047367096, 0.014792581088840961, -1.008554220199585, 0.03020286187529564, -0.07711692154407501, -3.0931193828582764, 1594933364042.295]
[0.16474662721157074, 0.015049377456307411, -1.0106117725372314, 0.027604902163147926, -0.07201384752988815, -3.092754364013672, 1594933364102.5332]
[0.1602412462234497, 0.015228656120598316, -1.0125348567962646, 0.02593575417995453, -0.08565755188465118, -3.090874671936035, 1594933364171.5332]
[0.1514541208744049, 0.015603032894432545, -1.0158162117004395, 0.02573203295469284, -0.08560370653867722, -3.09232497215271, 1594933364238.432]
[0.14683665335178375, 0.01575915329158306, -1.0161561965942383, 0.028861016035079956, -0.07566355913877487, -3.094005584716797, 1594933364305.479]
[0.1324814110994339, 0.016349317505955696, -1.020215392112732, 0.027434037998318672, -0.07015100121498108, -3.0937893390655518, 1594933364374.501]
[0.11951614171266556, 0.016229519620537758, -1.0221673250198364, 0.027697760611772537, -0.0889870822429657, -3.0924222469329834, 1594933364441.582]
[0.11212139576673508, 0.015910817310214043, -1.0238003730773926, 0.025058727711439133, -0.08495968580245972, -3.0963664054870605, 1594933364578.444]
[0.10115301609039307, 0.01518471259623766, -1.0263959169387817, 0.02785550244152546, -0.08558684587478638, -3.094618320465088, 1594933364641.4421]
[0.09766247123479843, 0.014631289057433605, -1.0253092050552368, 0.0244319848716259, -0.09161114692687988, -3.0949864387512207, 1594933364709.353]
[0.08631639182567596, 0.013224720023572445, -1.02326500415802, 0.020647015422582626, -0.09171096235513687, -3.091872215270996, 1594933364779.297]
[0.07916967570781708, 0.012296933680772781, -1.0277314186096191, 0.026958942413330078, -0.08888629078865051, -3.09139347076416, 1594933364848.3281]
[0.07510816305875778, 0.01201402023434639, -1.0260004997253418, 0.023389240726828575, -0.08907658606767654, -3.090482234954834, 1594933364917.423]
[0.06682104617357254, 0.010984218679368496, -1.026978850364685, 0.025824785232543945, -0.08814084529876709, -3.0903968811035156, 1594933364925.1]
[0.0624372623860836, 0.010608104057610035, -1.0255916118621826, 0.021840984001755714, -0.08741330355405807, -3.0887506008148193, 1594933364984.2988]
[0.048941560089588165, 0.009139437228441238, -1.029841423034668, 0.02251184917986393, -0.09235723316669464, -3.0886807441711426, 1594933365052.331]
[0.039815232157707214, 0.008699104189872742, -1.030299186706543, 0.019361300393939018, -0.0905592292547226, -3.088045358657837, 1594933365127.5808]
[0.030051471665501595, 0.008676414377987385, -1.0330379009246826, 0.018765106797218323, -0.08850392699241638, -3.088987350463867, 1594933365188.2998]
[0.02047739364206791, 0.009116014465689659, -1.0353342294692993, 0.02391658164560795, -0.09299739450216293, -3.091325044631958, 1594933365258.2852]
[0.006868234369903803, 0.009094655513763428, -1.0362383127212524, 0.025959527119994164, -0.09229079633951187, -3.0945959091186523, 1594933365324.551]
[-0.006304387468844652, 0.009243924170732498, -1.0340968370437622, 0.015375836752355099, -0.09176617115736008, -3.097648859024048, 1594933365463.156]
[-0.0167912095785141, 0.010126599110662937, -1.0394691228866577, 0.021410515531897545, -0.0885421559214592, -3.1015706062316895, 1594933365529.18]
[-0.02152637578547001, 0.011476833373308182, -1.0389453172683716, 0.021830491721630096, -0.0903007835149765, -3.1018619537353516, 1594933365599.221]
[-0.034716397523880005, 0.01501415204256773, -1.0435861349105835, 0.025244880467653275, -0.08633776754140854, -3.096436023712158, 1594933365667.227]
[-0.042307931929826736, 0.018379438668489456, -1.0481321811676025, 0.03237711265683174, -0.08494201302528381, -3.094161033630371, 1594933365736.075]
[-0.045571669936180115, 0.021238012239336967, -1.0473555326461792, 0.034174516797065735, -0.0836067870259285, -3.094696521759033, 1594933365803.5122]
[-0.0553181953728199, 0.02518334612250328, -1.052459478378296, 0.03717796504497528, -0.08763271570205688, -3.0950443744659424, 1594933365950.0798]
[-0.06176377832889557, 0.027484776452183723, -1.0523183345794678, 0.0412079282104969, -0.08628984540700912, -3.0931429862976074, 1594933366021.992]
[-0.07035887241363525, 0.03011268749833107, -1.0523988008499146, 0.04403386265039444, -0.08470229804515839, -3.0905730724334717, 1594933366094.176]
[-0.08141020685434341, 0.03202703967690468, -1.0515481233596802, 0.04536505788564682, -0.08524945378303528, -3.090750217437744, 1594933366223.99]
[-0.0865568295121193, 0.031819429248571396, -1.0509452819824219, 0.04203663021326065, -0.08041709661483765, -3.0951855182647705, 1594933366361.417]
[-0.08931881934404373, 0.031484562903642654, -1.0511040687561035, 0.04599105939269066, -0.08371579647064209, -3.095097064971924, 1594933366429.914]
[-0.09440965950489044, 0.031526003032922745, -1.0512664318084717, 0.042154569178819656, -0.08175940066576004, -3.0987565517425537, 1594933366496.9648]
[-0.10000636428594589, 0.03150196373462677, -1.0536937713623047, 0.04720241576433182, -0.08056091517210007, -3.1011016368865967, 1594933366565.395]
[-0.11087214201688766, 0.03240848332643509, -1.0555307865142822, 0.047548022121191025, -0.08336847275495529, -3.1004490852355957, 1594933366702.847]
[-0.11292379349470139, 0.03270617499947548, -1.053863763809204, 0.04969144985079765, -0.0810697004199028, -3.1034128665924072, 1594933366711.6921]
[-0.11722426116466522, 0.034141018986701965, -1.0541791915893555, 0.04779781773686409, -0.07923863083124161, -3.102564573287964, 1594933366771.754]
[-0.1192975789308548, 0.03491998463869095, -1.0546451807022095, 0.04717632755637169, -0.08000118285417557, -3.099231719970703, 1594933366779.4722]
[-0.12510985136032104, 0.03550327196717262, -1.0566554069519043, 0.04712769761681557, -0.07887876033782959, -3.106569290161133, 1594933366850.106]
[-0.12864018976688385, 0.03658517822623253, -1.054742693901062, 0.05010111629962921, -0.07836544513702393, -3.1057639122009277, 1594933366911.729]
[-0.13029062747955322, 0.037068359553813934, -1.0542265176773071, 0.0483131930232048, -0.07513512670993805, -3.108222723007202, 1594933366919.414]
[-0.1339072287082672, 0.038658153265714645, -1.056075096130371, 0.05023638904094696, -0.07921439409255981, -3.105914354324341, 1594933367049.774]
[-0.13590823113918304, 0.03902600705623627, -1.056937336921692, 0.05181379243731499, -0.07438259571790695, -3.1059458255767822, 1594933367112.904]
[-0.14009693264961243, 0.039360977709293365, -1.0556373596191406, 0.04719953238964081, -0.07390245795249939, -3.1084628105163574, 1594933367184.65]
[-0.14176850020885468, 0.0388077087700367, -1.056058645248413, 0.05507039651274681, -0.07694576680660248, -3.1087212562561035, 1594933367265.665]
[-0.14204804599285126, 0.03843045234680176, -1.0549513101577759, 0.051705606281757355, -0.07164353132247925, -3.111495018005371, 1594933367273.31]
[-0.1423129439353943, 0.03750354424118996, -1.0541253089904785, 0.0560649111866951, -0.07771860808134079, -3.1117167472839355, 1594933367400.5889]
[-0.14231321215629578, 0.03699875250458717, -1.0538803339004517, 0.054239362478256226, -0.0755993202328682, -3.1141197681427, 1594933367408.856]
[-0.14356520771980286, 0.03728322684764862, -1.0562368631362915, 0.05199339985847473, -0.07301515340805054, -3.1139252185821533, 1594933367474.667]
[-0.14448800683021545, 0.03876916691660881, -1.0563859939575195, 0.05319906026124954, -0.07452515512704849, -3.1110997200012207, 1594933367540.673]
[-0.1447540819644928, 0.03933578357100487, -1.0557204484939575, 0.0519394688308239, -0.0737178698182106, -3.108405351638794, 1594933367549.8901]
[-0.14518681168556213, 0.04030398651957512, -1.0559771060943604, 0.058188509196043015, -0.07454412430524826, -3.1069037914276123, 1594933367557.569]
[-0.14526742696762085, 0.04071689397096634, -1.0553653240203857, 0.05199538543820381, -0.07482575625181198, -3.1077394485473633, 1594933367565.855]
[-0.14509296417236328, 0.04113537818193436, -1.054548978805542, 0.05225101485848427, -0.07304556667804718, -3.1066644191741943, 1594933367677.564]
[-0.14507389068603516, 0.04094157740473747, -1.053619384765625, 0.05597817152738571, -0.07158228754997253, -3.106114625930786, 1594933367814.597]
[-0.14483864605426788, 0.04174857214093208, -1.0542247295379639, 0.052518874406814575, -0.06674659252166748, -3.1031980514526367, 1594933367884.501]
[-0.14451919496059418, 0.042993057519197464, -1.0543303489685059, 0.0545818991959095, -0.07106728106737137, -3.100245952606201, 1594933367951.5122]
[-0.14330558478832245, 0.044087525457143784, -1.0523053407669067, 0.05564923211932182, -0.07174854725599289, -3.0981838703155518, 1594933367959.331]
[-0.1417255699634552, 0.04620250687003136, -1.0538792610168457, 0.05448503792285919, -0.07056596130132675, -3.0954906940460205, 1594933368093.779]
[-0.1408269703388214, 0.046675316989421844, -1.0531113147735596, 0.055661339312791824, -0.06860123574733734, -3.0952975749969482, 1594933368153.44]
[-0.13705132901668549, 0.04672471433877945, -1.0521607398986816, 0.057702891528606415, -0.06743568181991577, -3.0953433513641357, 1594933368220.802]
[-0.13397322595119476, 0.04667627438902855, -1.0516022443771362, 0.05217205733060837, -0.06798712909221649, -3.0930216312408447, 1594933368289.397]
[-0.13256172835826874, 0.046641673892736435, -1.0524909496307373, 0.05419414862990379, -0.06735540926456451, -3.0913636684417725, 1594933368357.875]
[-0.12624959647655487, 0.04472171142697334, -1.0507818460464478, 0.05394097417593002, -0.06577754765748978, -3.090724468231201, 1594933368425.3691]
[-0.12115694582462311, 0.043714869767427444, -1.0494767427444458, 0.05508153885602951, -0.0679505243897438, -3.089475393295288, 1594933368503.365]
[-0.11841385811567307, 0.043311625719070435, -1.0498456954956055, 0.051949210464954376, -0.06652816385030746, -3.0879874229431152, 1594933368571.303]
[0.0, 0.04232454672455788, -1.0487024784088135, 0.04933994263410568, -0.06751904636621475, -3.086836576461792, 1594933368640.075]
[-0.10546862334012985, 0.04044349491596222, -1.0469003915786743, 0.05105316638946533, -0.06514401733875275, -3.0868451595306396, 1594933368775.268]
[-0.09506472945213318, 0.03813733160495758, -1.0478734970092773, 0.04553510248661041, -0.06790816783905029, -3.087336778640747, 1594933368841.177]
[-0.08444174379110336, 0.03656282275915146, -1.0469460487365723, 0.04365796968340874, -0.0653955265879631, -3.0818071365356445, 1594933368920.496]
[-0.07773046940565109, 0.034966617822647095, -1.0460649728775024, 0.04250705614686012, -0.06613393127918243, -3.0792105197906494, 1594933368982.1802]
[-0.07474906742572784, 0.034374650567770004, -1.0462580919265747, 0.03916189819574356, -0.06437405943870544, -3.0780904293060303, 1594933369050.264]
[-0.06963010132312775, 0.0331730842590332, -1.0470675230026245, 0.0417441725730896, -0.06350818276405334, -3.0787980556488037, 1594933369187.209]
[-0.0628313347697258, 0.031014665961265564, -1.0480735301971436, 0.04114615544676781, -0.06510500609874725, -3.0791797637939453, 1594933369258.2358]
[-0.06109824776649475, 0.03058657795190811, -1.0491284132003784, 0.04102785140275955, -0.06387251615524292, -3.0775842666625977, 1594933369325.083]
[-0.05840199813246727, 0.03009527549147606, -1.0490177869796753, 0.03618825972080231, -0.06301786750555038, -3.0765254497528076, 1594933369390.237]
[-0.05648660659790039, 0.02987363003194332, -1.04914391040802, 0.03911375626921654, -0.06059635058045387, -3.0748469829559326, 1594933369398.751]
[-0.055107809603214264, 0.029708288609981537, -1.0501723289489746, 0.037030093371868134, -0.06184164807200432, -3.0711781978607178, 1594933369407.23]
[-0.05313406512141228, 0.029033947736024857, -1.04851233959198, 0.035046182572841644, -0.05839679390192032, -3.0687124729156494, 1594933369461.073]
[-0.05124347656965256, 0.028556518256664276, -1.0491594076156616, 0.03265506774187088, -0.060640621930360794, -3.0663068294525146, 1594933369536.673]
[-0.05024220794439316, 0.028243469074368477, -1.0464619398117065, 0.0325896218419075, -0.06067124009132385, -3.0668132305145264, 1594933369597.074]
[-0.048670586198568344, 0.02750938944518566, -1.0475488901138306, 0.031395889818668365, -0.059636909514665604, -3.0662455558776855, 1594933369604.805]
[-0.048272356390953064, 0.026621736586093903, -1.04664945602417, 0.028853805735707283, -0.061333462595939636, -3.069420099258423, 1594933369733.829]
[-0.04869024455547333, 0.02613724023103714, -1.0486441850662231, 0.03136983513832092, -0.05776212736964226, -3.0704903602600098, 1594933369819.68]
[-0.04876355081796646, 0.02581831067800522, -1.0469255447387695, 0.02654395066201687, -0.06246483698487282, -3.0712432861328125, 1594933369882.219]
[-0.049250923097133636, 0.02580764889717102, -1.0477274656295776, 0.02913939394056797, -0.057865601032972336, -3.069819927215576, 1594933369947.0378]
[-0.05019035562872887, 0.025480080395936966, -1.0485866069793701, 0.03250603377819061, -0.06331689655780792, -3.0688693523406982, 1594933370085.305]
[-0.050593506544828415, 0.025381039828062057, -1.0482723712921143, 0.03163423389196396, -0.058510202914476395, -3.0713658332824707, 1594933370181.228]
[-0.05045349523425102, 0.02521168440580368, -1.0463168621063232, 0.027747491374611855, -0.058024223893880844, -3.071882724761963, 1594933370189.832]
[-0.05003667250275612, 0.025093931704759598, -1.0444666147232056, 0.030373647809028625, -0.06187015399336815, -3.072754144668579, 1594933370198.445]
[-0.049892719835042953, 0.02536894381046295, -1.0450303554534912, 0.03215085342526436, -0.059790369123220444, -3.07285475730896, 1594933370224.969]
