[-0.04687323793768883, 0.016122983768582344, -1.023361325263977, 0.051201481372117996, -0.04957590624690056, -3.0638363361358643, 1594933458033.494]
[-0.04663867503404617, 0.016505740582942963, -1.023752212524414, 0.05146707221865654, -0.0499894917011261, -3.0640299320220947, 1594933458041.866]
[-0.04625406861305237, 0.01672597974538803, -1.0242308378219604, 0.05015724152326584, -0.04926441237330437, -3.063866376876831, 1594933458178.326]
[-0.045955952256917953, 0.01641177386045456, -1.0239311456680298, 0.05231040343642235, -0.0481644943356514, -3.0633578300476074, 1594933458186.76]
[-0.04533364623785019, 0.015366419218480587, -1.0232306718826294, 0.050604432821273804, -0.05243696644902229, -3.0626461505889893, 1594933458253.186]
[-0.045089367777109146, 0.014619562774896622, -1.023148775100708, 0.047182392328977585, -0.04612526670098305, -3.065553665161133, 1594933458319.145]
[-0.04467160999774933, 0.01282090600579977, -1.022245168685913, 0.048710353672504425, -0.049998871982097626, -3.0673422813415527, 1594933458394.9822]
[-0.044850755482912064, 0.010115880519151688, -1.0216509103775024, 0.050159573554992676, -0.05124625191092491, -3.069295883178711, 1594933458456.041]
[-0.044774845242500305, 0.008978555910289288, -1.0206687450408936, 0.048378024250268936, -0.04858908802270889, -3.071518898010254, 1594933458526.1309]
[-0.04450660198926926, 0.004341423977166414, -1.018924355506897, 0.05526469275355339, -0.051046840846538544, -3.0786731243133545, 1594933458594.048]
[-0.04431929439306259, 0.0007068717386573553, -1.018721103668213, 0.052134107798337936, -0.04775867983698845, -3.0847585201263428, 1594933458728.565]
[-0.04441964626312256, -0.003377351211383939, -1.0173286199569702, 0.05163599178195, -0.045954618602991104, -3.0851128101348877, 1594933458736.612]
[-0.04277694597840309, -0.01083466038107872, -1.0162941217422485, 0.048642802983522415, -0.04738882929086685, -3.0945537090301514, 1594933458865.978]
[-0.04265586659312248, -0.01458751317113638, -1.0134773254394531, 0.050488557666540146, -0.04644620791077614, -3.094064950942993, 1594933458937.093]
[-0.04286886006593704, -0.018062125891447067, -1.0145859718322754, 0.051239438354969025, -0.04928512126207352, -3.0939419269561768, 1594933458944.763]
[-0.04263944551348686, -0.020026035606861115, -1.0133979320526123, 0.04736720398068428, -0.04776455834507942, -3.0953357219696045, 1594933459003.983]
[-0.04295509681105614, -0.023305026814341545, -1.0148605108261108, 0.05338205769658089, -0.049470555037260056, -3.0958969593048096, 1594933459070.997]
[-0.04326185956597328, -0.024917908012866974, -1.0158648490905762, 0.05243723466992378, -0.0512334406375885, -3.0954301357269287, 1594933459138.9512]
[-0.044259212911129, -0.031199641525745392, -1.0149987936019897, 0.05391661822795868, -0.042937930673360825, -3.0944998264312744, 1594933459215.2659]
[-0.044478386640548706, -0.03304760903120041, -1.0142580270767212, 0.052432507276535034, -0.04836691915988922, -3.0949511528015137, 1594933459273.931]
[-0.044881753623485565, -0.03689765930175781, -1.0125986337661743, 0.04992987588047981, -0.044195596128702164, -3.0938382148742676, 1594933459282.721]
[-0.04410324990749359, -0.04161551594734192, -1.012931227684021, 0.055105727165937424, -0.04435640573501587, -3.0981695652008057, 1594933459344.92]
[-0.042430080473423004, -0.049607302993535995, -1.012229323387146, 0.052622757852077484, -0.04868428409099579, -3.1055409908294678, 1594933459495.036]
[-0.04059155657887459, -0.05571306124329567, -1.011141300201416, 0.054827991873025894, -0.04812420532107353, -3.1122913360595703, 1594933459563.946]
[-0.0384744256734848, -0.06799566000699997, -1.0111931562423706, 0.05205107480287552, -0.04725257307291031, -3.120716094970703, 1594933459610.785]
[-0.039349645376205444, -0.08104900270700455, -1.0048840045928955, 0.04863917827606201, -0.04782230406999588, -3.1100106239318848, 1594933459759.9622]
[-0.03909889608621597, -0.08370967954397202, -1.0034945011138916, 0.050683990120887756, -0.04724336043000221, -3.1095643043518066, 1594933459809.731]
[-0.03788867965340614, -0.08915385603904724, -1.0001134872436523, 0.05365877225995064, -0.048459041863679886, -3.1108877658843994, 1594933459911.209]
[-0.036139681935310364, -0.09552427381277084, -1.0007508993148804, 0.047889355570077896, -0.04933991655707359, -3.113619327545166, 1594933460011.427]
[-0.033106666058301926, -0.10795619338750839, -0.9980785846710205, 0.044968362897634506, -0.05000675842165947, -3.118457317352295, 1594933460060.995]
[-0.03277907893061638, -0.11055964231491089, -1.001969575881958, 0.050749316811561584, -0.049827199429273605, -3.1195485591888428, 1594933460110.7349]
[-0.031749092042446136, -0.11652600020170212, -1.0014344453811646, 0.04427606984972954, -0.05290047824382782, -3.1229686737060547, 1594933460163.7622]
[-0.03120160847902298, -0.11931027472019196, -1.0019515752792358, 0.04570268094539642, -0.046815961599349976, -3.125734567642212, 1594933460224.21]
[-0.0301821269094944, -0.12419469654560089, -0.9982808232307434, 0.042640674859285355, -0.049110449850559235, -3.1299209594726562, 1594933460272.1182]
[-0.029304206371307373, -0.128397598862648, -0.9978623986244202, 0.04222074896097183, -0.05433076620101929, -3.1330745220184326, 1594933460378.239]
[-0.02877037040889263, -0.1304096132516861, -0.9968873262405396, 0.043961428105831146, -0.05143601447343826, -3.1336803436279297, 1594933460419.159]
[-0.027209125459194183, -0.1359919160604477, -0.9944363832473755, 0.04009748250246048, -0.055039990693330765, -3.1377954483032227, 1594933460470.64]
[-0.026866929605603218, -0.13773231208324432, -0.9939704537391663, 0.03925677016377449, -0.056031372398138046, -3.1378726959228516, 1594933460520.8372]
[-0.0266895592212677, -0.1407070904970169, -0.995719850063324, 0.036133937537670135, -0.053603045642375946, -3.1342523097991943, 1594933460571.345]
[-0.026722880080342293, -0.14324511587619781, -0.9939455389976501, 0.037493374198675156, -0.05556425452232361, -3.1308605670928955, 1594933460744.748]
[-0.026911400258541107, -0.14450374245643616, -0.9932600855827332, 0.0374625027179718, -0.05605177953839302, -3.128833532333374, 1594933460805.6082]
[-0.02765512838959694, -0.1489378809928894, -0.9905617833137512, 0.03638574853539467, -0.05865941569209099, -3.1244850158691406, 1594933460871.48]
[-0.027446480467915535, -0.1551048308610916, -0.9894212484359741, 0.02993183024227619, -0.06366873532533646, -3.124784231185913, 1594933461006.826]
[-0.02752835303544998, -0.15923310816287994, -0.9895833134651184, 0.029489221051335335, -0.06008009612560272, -3.125731945037842, 1594933461141.6099]
[-0.027747346088290215, -0.16366063058376312, -0.9875341057777405, 0.029569106176495552, -0.06297991424798965, -3.126483678817749, 1594933461210.391]
[-0.02655491605401039, -0.1685292273759842, -0.9899857044219971, 0.02823612652719021, -0.06551717966794968, -3.1319594383239746, 1594933461272.1592]
[-0.025865456089377403, -0.1698293536901474, -0.9881345629692078, 0.026189006865024567, -0.06271769851446152, -3.1335268020629883, 1594933461339.404]
[-0.02526494860649109, -0.17189688980579376, -0.9901419878005981, 0.027932005003094673, -0.06346204876899719, -3.135761260986328, 1594933461414.337]
[-0.024044068530201912, -0.1763170063495636, -0.9874298572540283, 0.024342842400074005, -0.06397443264722824, -3.1398913860321045, 1594933461479.206]
[-0.02334386669099331, -0.17987437546253204, -0.9905176758766174, 0.02478916198015213, -0.06253445148468018, -3.140955924987793, 1594933461548.83]
[-0.02291008271276951, -0.1810004562139511, -0.9891167283058167, 0.025745367631316185, -0.06831354647874832, -3.1406047344207764, 1594933461616.291]
[-0.023017913103103638, -0.1836191713809967, -0.9943000078201294, 0.023286208510398865, -0.064808189868927, -3.138977527618408, 1594933461686.2449]
[-0.023473426699638367, -0.18498188257217407, -0.9951874017715454, 0.024979649111628532, -0.06520052254199982, -3.1337053775787354, 1594933461821.3142]
[-0.024145951494574547, -0.18685907125473022, -0.9927880764007568, 0.020606519654393196, -0.06821076571941376, -3.1313817501068115, 1594933461898.3718]
[-0.024773992598056793, -0.18808236718177795, -0.9917886853218079, 0.023480083793401718, -0.066491037607193, -3.1280975341796875, 1594933461966.604]
[-0.024615276604890823, -0.19148321449756622, -0.9881725311279297, 0.019633958116173744, -0.06665217131376266, -3.1255292892456055, 1594933462022.104]
[-0.02470962516963482, -0.19361694157123566, -0.9840559959411621, 0.018728123977780342, -0.06870706379413605, -3.125009775161743, 1594933462096.2988]
[-0.024301161989569664, -0.19576914608478546, -0.9815862774848938, 0.020007161423563957, -0.07271391153335571, -3.122743844985962, 1594933462104.784]
[-0.02387913130223751, -0.1983923763036728, -0.9809843897819519, 0.01957610435783863, -0.07350128889083862, -3.1216952800750732, 1594933462167.86]
[-0.023007266223430634, -0.20269204676151276, -0.9841716885566711, 0.018464284017682076, -0.0692647397518158, -3.122845411300659, 1594933462232.094]
[-0.02240978553891182, -0.20385749638080597, -0.9843053221702576, 0.018209373578429222, -0.07251434773206711, -3.1236956119537354, 1594933462302.262]
[-0.021760961040854454, -0.20443381369113922, -0.9827818274497986, 0.01906219869852066, -0.07182627171278, -3.1246464252471924, 1594933462371.218]
[-0.021025400608778, -0.20545214414596558, -0.9838047027587891, 0.021501479670405388, -0.07249899208545685, -3.1251003742218018, 1594933462436.096]
[-0.02161801978945732, -0.204669788479805, -0.9844344258308411, 0.019741149619221687, -0.07232644408941269, -3.120544910430908, 1594933462445.023]
[-0.022169537842273712, -0.2033063918352127, -0.9858260154724121, 0.019076740369200706, -0.07261213660240173, -3.118159770965576, 1594933462513.4138]
[-0.022525567561388016, -0.20220233500003815, -0.9871600866317749, 0.020337825641036034, -0.07652407139539719, -3.1144859790802, 1594933462574.056]
[-0.022310081869363785, -0.2010306417942047, -0.9853859543800354, 0.019993068650364876, -0.07101457566022873, -3.1132254600524902, 1594933462644.0981]
[-0.021966002881526947, -0.20069032907485962, -0.986397922039032, 0.018096430227160454, -0.07663353532552719, -3.1126413345336914, 1594933462711.2688]
[-0.02102138288319111, -0.2004224956035614, -0.9864830374717712, 0.01784760318696499, -0.07291979342699051, -3.113969564437866, 1594933462780.0168]
[-0.01935924030840397, -0.19881579279899597, -0.9877225756645203, 0.01788219064474106, -0.07609927654266357, -3.11639404296875, 1594933462855.281]
[-0.019061552360653877, -0.1980392336845398, -0.9886073470115662, 0.020450666546821594, -0.074648417532444, -3.115968942642212, 1594933462914.0862]
[-0.01900229975581169, -0.196910560131073, -0.9888701438903809, 0.021284611895680428, -0.07635968178510666, -3.1149063110351562, 1594933462983.381]
[-0.018933918327093124, -0.19497109949588776, -0.9906503558158875, 0.018564574420452118, -0.07493088394403458, -3.113812208175659, 1594933463050.997]
[-0.018826495856046677, -0.19169914722442627, -0.989840567111969, 0.019445106387138367, -0.07750464975833893, -3.113633155822754, 1594933463058.913]
[-0.018627576529979706, -0.18985897302627563, -0.9897654056549072, 0.01861429028213024, -0.07379443943500519, -3.1133780479431152, 1594933463116.939]
[-0.01908126473426819, -0.1840192675590515, -0.9933810234069824, 0.019765270873904228, -0.07539139688014984, -3.1116397380828857, 1594933463255.905]
[-0.01900509186089039, -0.18252967298030853, -0.9953762292861938, 0.020710933953523636, -0.07976777106523514, -3.112086534500122, 1594933463263.556]
[-0.018939824774861336, -0.17557014524936676, -0.9946208596229553, 0.020081710070371628, -0.07796404510736465, -3.112567663192749, 1594933463389.83]
[-0.018379610031843185, -0.17407792806625366, -0.9943723082542419, 0.018789703026413918, -0.07932672649621964, -3.114734649658203, 1594933463458.8572]
[-0.01867232285439968, -0.16818644106388092, -0.998163640499115, 0.01839178241789341, -0.07357775419950485, -3.1135594844818115, 1594933463536.215]
[-0.020082255825400352, -0.16090188920497894, -1.0005531311035156, 0.018775062635540962, -0.07215239107608795, -3.109407663345337, 1594933463597.796]
[-0.023106321692466736, -0.1498471051454544, -1.003951072692871, 0.01866999641060829, -0.07585353404283524, -3.0996181964874268, 1594933463733.758]
[-0.02360561676323414, -0.14367738366127014, -1.0025238990783691, 0.01764635555446148, -0.07580624520778656, -3.09804630279541, 1594933463803.813]
[-0.022526759654283524, -0.13711200654506683, -1.0050315856933594, 0.01737236976623535, -0.07528873533010483, -3.0999960899353027, 1594933464008.698]
[-0.021105941385030746, -0.12906773388385773, -1.0080476999282837, 0.01819767616689205, -0.07423146814107895, -3.104477882385254, 1594933464016.9338]
[-0.02048581838607788, -0.12408144772052765, -1.0077095031738281, 0.019373858347535133, -0.07511849701404572, -3.1049787998199463, 1594933464079.695]
[-0.018066514283418655, -0.1092037484049797, -1.0119684934616089, 0.020645122975111008, -0.06818819791078568, -3.1110610961914062, 1594933464087.389]
[-0.018163330852985382, -0.1035374253988266, -1.0157618522644043, 0.02057719975709915, -0.07137439399957657, -3.1102850437164307, 1594933464147.782]
[-0.017532262951135635, -0.09167279303073883, -1.00821053981781, 0.018457509577274323, -0.06889063119888306, -3.1099252700805664, 1594933464214.8389]
[-0.01662898249924183, -0.08678508549928665, -1.0105741024017334, 0.02066132426261902, -0.07267716526985168, -3.1119415760040283, 1594933464351.856]
[-0.016114570200443268, -0.07696821540594101, -1.0143595933914185, 0.019078105688095093, -0.0693674311041832, -3.1127164363861084, 1594933464360.765]
[-0.015667244791984558, -0.06763533502817154, -1.0136314630508423, 0.02400396391749382, -0.07246313989162445, -3.1159839630126953, 1594933464422.599]
[-0.014795880764722824, -0.059455785900354385, -1.0151170492172241, 0.019094277173280716, -0.0709623396396637, -3.120429515838623, 1594933464486.5789]
[-0.014575437642633915, -0.05142129957675934, -1.0165245532989502, 0.023503746837377548, -0.07023965567350388, -3.12351131439209, 1594933464693.746]
[-0.014469768851995468, -0.043466292321681976, -1.0183809995651245, 0.021961994469165802, -0.06882282346487045, -3.124870538711548, 1594933464827.027]
[-0.014607440680265427, -0.02699297107756138, -1.0184956789016724, 0.02021566964685917, -0.07025966793298721, -3.1257760524749756, 1594933464972.876]
[-0.015548274852335453, -0.01872796192765236, -1.019850730895996, 0.01661720685660839, -0.06623329967260361, -3.129511594772339, 1594933465035.372]
[-0.01686752773821354, -0.002897167345508933, -1.0227676630020142, 0.0197195615619421, -0.06488551944494247, -3.1307871341705322, 1594933465100.657]
[-0.01728360913693905, 0.0008834939217194915, -1.0233299732208252, 0.0205279141664505, -0.06360692530870438, -3.1290876865386963, 1594933465110.7632]
[-0.018619200214743614, 0.017276115715503693, -1.0259287357330322, 0.02237658016383648, -0.05999645218253136, -3.1297314167022705, 1594933465189.22]
[-0.020062271505594254, 0.0266567412763834, -1.025636911392212, 0.02216246910393238, -0.061894480139017105, -3.1266276836395264, 1594933465310.521]
[-0.020324720069766045, 0.029633747413754463, -1.0255675315856934, 0.020935488864779472, -0.06198473647236824, -3.1256186962127686, 1594933465318.919]
[-0.02046571485698223, 0.03541610762476921, -1.0245189666748047, 0.01819266565144062, -0.05728383734822273, -3.1234841346740723, 1594933465329.56]
[-0.020378760993480682, 0.040966250002384186, -1.0254846811294556, 0.018653878942131996, -0.057758115231990814, -3.1209335327148438, 1594933465384.355]
[-0.02008693479001522, 0.04700784012675285, -1.0261521339416504, 0.020946891978383064, -0.056066516786813736, -3.1168172359466553, 1594933465449.485]
[-0.019399767741560936, 0.052925918251276016, -1.0254859924316406, 0.024364402517676353, -0.05619140714406967, -3.1134800910949707, 1594933465588.786]
[-0.017661619931459427, 0.06494715809822083, -1.0263720750808716, 0.02227189764380455, -0.055036045610904694, -3.1108787059783936, 1594933465657.368]
[-0.01645513065159321, 0.0708315297961235, -1.0258344411849976, 0.020920483395457268, -0.056190356612205505, -3.1105663776397705, 1594933465729.5562]
[-0.014904932118952274, 0.08216806501150131, -1.0269123315811157, 0.019356315955519676, -0.057386405766010284, -3.1131763458251953, 1594933465811.4778]
[-0.014735769480466843, 0.08485148102045059, -1.0265501737594604, 0.01916283369064331, -0.05975725129246712, -3.114231586456299, 1594933465937.221]
[-0.014801708050072193, 0.09009435027837753, -1.0257270336151123, 0.020134586840867996, -0.058600615710020065, -3.1151840686798096, 1594933466013.938]
[-0.015165489166975021, 0.09520330280065536, -1.026140570640564, 0.024459486827254295, -0.05844574794173241, -3.1192667484283447, 1594933466074.122]
[-0.015659676864743233, 0.10366984456777573, -1.0257536172866821, 0.020989637821912766, -0.05951101332902908, -3.120959758758545, 1594933466141.403]
[-0.01565726101398468, 0.10664349794387817, -1.0245434045791626, 0.02120402827858925, -0.05720745399594307, -3.1204733848571777, 1594933466209.218]
[-0.01567385345697403, 0.1126396507024765, -1.0247119665145874, 0.02233385667204857, -0.05593976005911827, -3.1192824840545654, 1594933466217.182]
[-0.01590404286980629, 0.12056978791952133, -1.0214251279830933, 0.020521393045783043, -0.06306210160255432, -3.1180672645568848, 1594933466348.2512]
[-0.016091881319880486, 0.12759506702423096, -1.0217700004577637, 0.0236282330006361, -0.06265466660261154, -3.120732545852661, 1594933466420.239]
[-0.016868306323885918, 0.13339494168758392, -1.022001028060913, 0.0221962109208107, -0.05968274548649788, -3.1274287700653076, 1594933466427.732]
[-0.017617082223296165, 0.1379406452178955, -1.0235393047332764, 0.0249237772077322, -0.06014491617679596, -3.133795976638794, 1594933466556.999]
[-0.017777835950255394, 0.14272229373455048, -1.0232465267181396, 0.02449052222073078, -0.06217067688703537, -3.1343023777008057, 1594933466633.3909]
[-0.01808389276266098, 0.14950968325138092, -1.0227546691894531, 0.02878338098526001, -0.06189672648906708, -3.131903648376465, 1594933466692.073]
[-0.01815081387758255, 0.15374793112277985, -1.0230000019073486, 0.03175795450806618, -0.06525526940822601, -3.1299080848693848, 1594933466828.1208]
[-0.018126528710126877, 0.15544544160366058, -1.021315574645996, 0.02933979220688343, -0.06706824153661728, -3.1293861865997314, 1594933466835.753]
[-0.018551984801888466, 0.1611969769001007, -1.0214908123016357, 0.029628420248627663, -0.06725573539733887, -3.12445330619812, 1594933466896.335]
[-0.01882757432758808, 0.1653422862291336, -1.022305965423584, 0.030554665252566338, -0.06676152348518372, -3.1210293769836426, 1594933467018.9531]
[-0.020185621455311775, 0.17107604444026947, -1.0244773626327515, 0.030768483877182007, -0.06573262810707092, -3.124446153640747, 1594933467042.49]
[-0.020499534904956818, 0.1732407510280609, -1.0244168043136597, 0.026422638446092606, -0.060636941343545914, -3.1252365112304688, 1594933467087.127]
[-0.02057105116546154, 0.17536842823028564, -1.0243172645568848, 0.02756078913807869, -0.06724344938993454, -3.1242189407348633, 1594933467135.4338]
[-0.02041848935186863, 0.1802605241537094, -1.0244643688201904, 0.030538111925125122, -0.062116190791130066, -3.115248203277588, 1594933467181.8918]
[-0.020519783720374107, 0.18442435562610626, -1.0237369537353516, 0.026816602796316147, -0.06197517365217209, -3.112949848175049, 1594933467281.327]
[-0.02031303010880947, 0.18848568201065063, -1.023866891860962, 0.03128935024142265, -0.0643499568104744, -3.1099963188171387, 1594933467332.8372]
[-0.019686903804540634, 0.19076496362686157, -1.0243805646896362, 0.027457624673843384, -0.06392206996679306, -3.108088493347168, 1594933467379.916]
[-0.01796705648303032, 0.19691449403762817, -1.0236068964004517, 0.02689298428595066, -0.06766047328710556, -3.096606731414795, 1594933467442.117]
[-0.017365675419569016, 0.19912320375442505, -1.0239272117614746, 0.028895601630210876, -0.06764033436775208, -3.0932838916778564, 1594933467483.886]
[-0.016799883916974068, 0.20145459473133087, -1.025565505027771, 0.027985768392682076, -0.06568808108568192, -3.0895838737487793, 1594933467533.834]
[-0.016099898144602776, 0.2063639760017395, -1.0228694677352905, 0.025022584944963455, -0.06896128505468369, -3.082385301589966, 1594933467656.2542]
[-0.016666898503899574, 0.2090599536895752, -1.0228760242462158, 0.023440496996045113, -0.06733179837465286, -3.0841665267944336, 1594933467684.211]
[-0.01819579303264618, 0.21080584824085236, -1.0212128162384033, 0.02231588028371334, -0.06672100722789764, -3.0956311225891113, 1594933467735.781]
[-0.01996305212378502, 0.21147876977920532, -1.0196173191070557, 0.023176440969109535, -0.06956913322210312, -3.1087558269500732, 1594933467792.929]
[-0.02172875590622425, 0.21264827251434326, -1.023684024810791, 0.022677522152662277, -0.07077889144420624, -3.126283884048462, 1594933467891.04]
[-0.021098902449011803, 0.21442806720733643, -1.0238394737243652, 0.029261251911520958, -0.07258094102144241, -3.1261909008026123, 1594933467995.7932]
[-0.01821249909698963, 0.21868561208248138, -1.0221906900405884, 0.02545960806310177, -0.06903641670942307, -3.115994691848755, 1594933468053.698]
[-0.01750928722321987, 0.21980302035808563, -1.021211862564087, 0.024773359298706055, -0.06908250600099564, -3.1127700805664062, 1594933468154.1309]
[-0.016340352594852448, 0.22262105345726013, -1.021860957145691, 0.025698263198137283, -0.06806790083646774, -3.107212543487549, 1594933468196.386]
[-0.016128165647387505, 0.22369787096977234, -1.0222232341766357, 0.024660898372530937, -0.07008228451013565, -3.105973243713379, 1594933468348.52]
[-0.015689795836806297, 0.22624939680099487, -1.0188016891479492, 0.023168522864580154, -0.06949351727962494, -3.1059157848358154, 1594933468416.696]
[-0.015465538948774338, 0.22776587307453156, -1.0182942152023315, 0.024848194792866707, -0.07394467294216156, -3.105837106704712, 1594933468483.626]
[-0.015497623011469841, 0.22831489145755768, -1.0149818658828735, 0.024562813341617584, -0.0719260647892952, -3.108492136001587, 1594933468617.5908]
[-0.014718416146934032, 0.23069049417972565, -1.0139442682266235, 0.026832712814211845, -0.07105273753404617, -3.108187198638916, 1594933468626.073]
[-0.013948719948530197, 0.23217958211898804, -1.0139902830123901, 0.026438215747475624, -0.0738040879368782, -3.104715347290039, 1594933468754.468]
[-0.013913346454501152, 0.2328799068927765, -1.0152745246887207, 0.02814396843314171, -0.07395043969154358, -3.1040055751800537, 1594933468763.0361]
[-0.014043819159269333, 0.23376865684986115, -1.0145894289016724, 0.02558778040111065, -0.07391651719808578, -3.1048920154571533, 1594933468821.43]
[-0.014122895896434784, 0.233475461602211, -1.0137017965316772, 0.026867151260375977, -0.07212807983160019, -3.1054749488830566, 1594933468957.45]
[-0.014041430316865444, 0.23332014679908752, -1.0136737823486328, 0.02663799561560154, -0.07482939958572388, -3.107417345046997, 1594933468966.013]
[-0.014066231437027454, 0.23323987424373627, -1.0146069526672363, 0.02633568085730076, -0.07424578815698624, -3.106539011001587, 1594933469083.462]
[-0.014547200873494148, 0.23258143663406372, -1.0133254528045654, 0.031077958643436432, -0.07462066411972046, -3.106384038925171, 1594933469160.6392]
[-0.014513119123876095, 0.2329506129026413, -1.013572096824646, 0.030951743945479393, -0.07319009304046631, -3.107452869415283, 1594933469296.343]
[-0.015626421198248863, 0.23385575413703918, -1.0132684707641602, 0.030218886211514473, -0.07482269406318665, -3.111212968826294, 1594933469363.44]
[-0.01678130403161049, 0.23498617112636566, -1.011751413345337, 0.028717076405882835, -0.07436402142047882, -3.110326051712036, 1594933469433.389]
[-0.01698717102408409, 0.23565225303173065, -1.0124260187149048, 0.03222723305225372, -0.0746111199259758, -3.1096956729888916, 1594933469499.275]
[-0.017043618485331535, 0.23715046048164368, -1.012378215789795, 0.03288990631699562, -0.07160358130931854, -3.1044256687164307, 1594933469509.247]
[-0.0168771855533123, 0.2389882504940033, -1.0140137672424316, 0.033476822078228, -0.07216844707727432, -3.1013989448547363, 1594933469569.898]
[-0.01634025201201439, 0.24044065177440643, -1.0142171382904053, 0.03382999449968338, -0.07146977633237839, -3.0989725589752197, 1594933469649.291]
[-0.01573517732322216, 0.24143701791763306, -1.0137344598770142, 0.03509104996919632, -0.0721871629357338, -3.0977392196655273, 1594933469718.343]
[-0.015572413802146912, 0.24144329130649567, -1.0127530097961426, 0.03440522775053978, -0.07362348586320877, -3.097611904144287, 1594933469726.0051]
[-0.016095228493213654, 0.24092723429203033, -1.0103635787963867, 0.035099975764751434, -0.07341425865888596, -3.098485231399536, 1594933469786.323]
[-0.016497647389769554, 0.24142302572727203, -1.0120314359664917, 0.03414540737867355, -0.07093097269535065, -3.10037899017334, 1594933469854.837]
[-0.01739608310163021, 0.24171827733516693, -1.0128185749053955, 0.034999165683984756, -0.06888074427843094, -3.1002488136291504, 1594933469990.271]
[-0.018704179674386978, 0.24181048572063446, -1.0112508535385132, 0.035731203854084015, -0.07049507647752762, -3.0983505249023438, 1594933470057.2441]
[-0.01888417638838291, 0.24249249696731567, -1.0126652717590332, 0.037793271243572235, -0.07143434137105942, -3.097454786300659, 1594933470064.952]
[-0.019408566877245903, 0.24300545454025269, -1.0121688842773438, 0.03790341690182686, -0.07098283618688583, -3.096482515335083, 1594933470127.234]
[-0.01954135298728943, 0.2435339093208313, -1.0130035877227783, 0.03949706256389618, -0.07155948132276535, -3.0962324142456055, 1594933470135.147]
[-0.019886353984475136, 0.24374036490917206, -1.0126094818115234, 0.03853748366236687, -0.06788644939661026, -3.0950794219970703, 1594933470265.0918]
[-0.0203363299369812, 0.24398310482501984, -1.0135999917984009, 0.039135128259658813, -0.06907833367586136, -3.0971877574920654, 1594933470272.74]
[-0.02106807380914688, 0.2430717498064041, -1.010344386100769, 0.03592270240187645, -0.06964772194623947, -3.0973997116088867, 1594933470333.083]
[-0.021555690094828606, 0.2431618571281433, -1.0109585523605347, 0.039804261177778244, -0.06910528987646103, -3.0972859859466553, 1594933470404.772]
[-0.022092431783676147, 0.24304434657096863, -1.0112314224243164, 0.040820006281137466, -0.07382475584745407, -3.096834659576416, 1594933470469.9768]
[-0.022661201655864716, 0.24221380054950714, -1.0106319189071655, 0.04187677055597305, -0.0705309808254242, -3.0979995727539062, 1594933470538.9668]
[-0.023790709674358368, 0.24068981409072876, -1.0099066495895386, 0.04270040988922119, -0.06976596266031265, -3.0998120307922363, 1594933470607.23]
[-0.024137670174241066, 0.2393464893102646, -1.0083115100860596, 0.03933505713939667, -0.06899736821651459, -3.099821090698242, 1594933470614.971]
[-0.024486716836690903, 0.23863141238689423, -1.009426236152649, 0.04525699466466904, -0.06923931837081909, -3.1001269817352295, 1594933470674.0962]
[-0.025509223341941833, 0.23595041036605835, -1.009055256843567, 0.04447224736213684, -0.06810630112886429, -3.099104881286621, 1594933470741.952]
[-0.025915946811437607, 0.23459558188915253, -1.0093203783035278, 0.04443678259849548, -0.0703498125076294, -3.0986766815185547, 1594933470749.681]
[-0.026694711297750473, 0.23161561787128448, -1.009182095527649, 0.04295215755701065, -0.06882312148809433, -3.0973126888275146, 1594933470810.2332]
[-0.02790375053882599, 0.22670353949069977, -1.006120204925537, 0.050850916653871536, -0.069431833922863, -3.0925467014312744, 1594933470946.9248]
[-0.028745783492922783, 0.22421135008335114, -1.0056591033935547, 0.049695469439029694, -0.0690200999379158, -3.0922837257385254, 1594933471013.976]
[-0.029937371611595154, 0.22101454436779022, -1.007592797279358, 0.054648756980895996, -0.06838252395391464, -3.092329263687134, 1594933471089.238]
[-0.03199199587106705, 0.21451157331466675, -1.0080875158309937, 0.05320345237851143, -0.0670996680855751, -3.0935707092285156, 1594933471148.8699]
[-0.03269421309232712, 0.2124277949333191, -1.009452223777771, 0.056506942957639694, -0.06687355786561966, -3.09354829788208, 1594933471215.94]
[-0.03323373943567276, 0.21022145450115204, -1.0101828575134277, 0.05563732236623764, -0.06978721171617508, -3.0936081409454346, 1594933471286.443]
[-0.03397055342793465, 0.20535075664520264, -1.0109609365463257, 0.05823284760117531, -0.06948448717594147, -3.0924854278564453, 1594933471352.792]
[-0.0346502810716629, 0.19998568296432495, -1.0115509033203125, 0.05963653698563576, -0.06725922971963882, -3.0963659286499023, 1594933471420.834]
[-0.03515701740980148, 0.191436305642128, -1.0128629207611084, 0.06156652793288231, -0.06706500053405762, -3.0967326164245605, 1594933471490.33]
[-0.035172123461961746, 0.1836095154285431, -1.0151523351669312, 0.06307566165924072, -0.06411082297563553, -3.095475435256958, 1594933471566.667]
[-0.03496866673231125, 0.18095968663692474, -1.0150699615478516, 0.06234714016318321, -0.06561879813671112, -3.095318078994751, 1594933471625.7688]
[-0.03452185541391373, 0.1728569120168686, -1.0158476829528809, 0.06334831565618515, -0.06101945415139198, -3.0971081256866455, 1594933471695.719]
[-0.034515682607889175, 0.17025971412658691, -1.0167769193649292, 0.062260981649160385, -0.06181230768561363, -3.097809314727783, 1594933471703.396]
[-0.03419540449976921, 0.16527144610881805, -1.0177127122879028, 0.06722501665353775, -0.06780142337083817, -3.099330186843872, 1594933471830.0012]
[-0.034304361790418625, 0.16021853685379028, -1.0188795328140259, 0.06667651236057281, -0.06735055148601532, -3.098531723022461, 1594933471898.0042]
[-0.03453564643859863, 0.15297023952007294, -1.0209112167358398, 0.06639189273118973, -0.06429441273212433, -3.097731351852417, 1594933471974.072]
[-0.0348227322101593, 0.15012338757514954, -1.020480990409851, 0.0628536269068718, -0.06091771647334099, -3.099536180496216, 1594933472034.071]
[-0.034923017024993896, 0.1472969502210617, -1.0206819772720337, 0.0647420585155487, -0.06392472982406616, -3.098825454711914, 1594933472101.585]
[-0.03531402349472046, 0.14200758934020996, -1.0233834981918335, 0.06623682379722595, -0.0612851120531559, -3.1001126766204834, 1594933472233.9312]
[-0.03553992137312889, 0.13563425838947296, -1.0224336385726929, 0.06489385664463043, -0.060091737657785416, -3.102994203567505, 1594933472368.639]
[-0.03595764935016632, 0.12947456538677216, -1.0246812105178833, 0.06370806694030762, -0.06292906403541565, -3.1055166721343994, 1594933472437.628]
[-0.03705364465713501, 0.1236235648393631, -1.0375832319259644, 0.06733694672584534, -0.053933195769786835, -3.1093273162841797, 1594933472505.423]
[-0.03746365010738373, 0.11472895741462708, -1.0367223024368286, 0.06447967141866684, -0.057096272706985474, -3.110990047454834, 1594933472642.537]
[-0.037446506321430206, 0.10527751594781876, -1.0156456232070923, 0.06547722965478897, -0.05348140373826027, -3.1120753288269043, 1594933472651.0479]
[-0.0381055623292923, 0.10000435262918472, -1.0236824750900269, 0.06629592180252075, -0.05555545166134834, -3.1163744926452637, 1594933472668.092]
[-0.03817255422472954, 0.09769744426012039, -1.025966763496399, 0.06657649576663971, -0.05857192352414131, -3.115593433380127, 1594933472783.634]
[-0.037947893142700195, 0.09016001224517822, -1.0257666110992432, 0.06960642337799072, -0.05988946557044983, -3.108187675476074, 1594933472792.0188]
[-0.037292417138814926, 0.08442670106887817, -1.0246762037277222, 0.06979173421859741, -0.061214737594127655, -3.106119155883789, 1594933472808.681]
[-0.03686598315834999, 0.08181736618280411, -1.0256741046905518, 0.071315236389637, -0.06002258509397507, -3.1047611236572266, 1594933472921.355]
[-0.035410474985837936, 0.07235712558031082, -1.0239232778549194, 0.07000033557415009, -0.062329526990652084, -3.1021013259887695, 1594933472930.273]
[-0.03431645408272743, 0.06575257331132889, -1.0240323543548584, 0.069001205265522, -0.05877777189016342, -3.1004750728607178, 1594933473063.944]
[-0.03252938389778137, 0.05452335253357887, -1.0247728824615479, 0.06937145441770554, -0.05909760296344757, -3.101182222366333, 1594933473130.359]
[-0.031671229749917984, 0.05056728422641754, -1.023942470550537, 0.07195434719324112, -0.059685636311769485, -3.101975917816162, 1594933473198.5012]
[-0.029914390295743942, 0.042823370546102524, -1.0237865447998047, 0.07450325042009354, -0.0572529174387455, -3.1009886264801025, 1594933473270.3582]
[-0.026920458301901817, 0.03190934285521507, -1.024792194366455, 0.06955300271511078, -0.0578293539583683, -3.0996086597442627, 1594933473338.291]
[-0.025840014219284058, 0.028303103521466255, -1.024356484413147, 0.07153422385454178, -0.06249585375189781, -3.1012589931488037, 1594933473346.3992]
[-0.023974454030394554, 0.021708911284804344, -1.024380087852478, 0.07248866558074951, -0.05927242711186409, -3.1025147438049316, 1594933473473.4312]
[-0.021876288577914238, 0.010599012486636639, -1.0228654146194458, 0.07355723530054092, -0.060441818088293076, -3.102832794189453, 1594933473611.594]
[-0.020733697339892387, 0.005149558186531067, -1.0225003957748413, 0.07251527160406113, -0.062250204384326935, -3.103029489517212, 1594933473677.301]
[-0.020142989233136177, 0.0024027698673307896, -1.0227205753326416, 0.07094565033912659, -0.061083171516656876, -3.1070594787597656, 1594933473747.175]
[-0.01946023851633072, -0.00043153096339665353, -1.0211821794509888, 0.07302622497081757, -0.0627550259232521, -3.1081764698028564, 1594933473815.127]
[-0.018308354541659355, -0.006248475518077612, -1.0206154584884644, 0.06881502270698547, -0.056928541511297226, -3.1150832176208496, 1594933473882.2988]
[-0.017691517248749733, -0.011992891319096088, -1.0205937623977661, 0.0706821084022522, -0.058976251631975174, -3.1161768436431885, 1594933473953.789]
[-0.016994968056678772, -0.0212432611733675, -1.0166488885879517, 0.07004854083061218, -0.061369456350803375, -3.1217269897460938, 1594933474028.41]
[-0.01635310985147953, -0.031318549066782, -1.0124651193618774, 0.07066366076469421, -0.06333667039871216, -3.1268575191497803, 1594933474091.742]
[-0.01592639461159706, -0.038894955068826675, -1.0110713243484497, 0.06973422318696976, -0.06445609033107758, -3.1296467781066895, 1594933474156.299]
[-0.01496023591607809, -0.046921443194150925, -1.0072191953659058, 0.06453286111354828, -0.06560251861810684, -3.1348037719726562, 1594933474164.803]
[-0.014278284274041653, -0.05552229285240173, -1.003607153892517, 0.0620604008436203, -0.06483928859233856, -3.135491132736206, 1594933474230.844]
[-0.013022944331169128, -0.07103787362575531, -0.9932413697242737, 0.05527812987565994, -0.06631707400083542, -3.1381616592407227, 1594933474297.8809]
[-0.012919170781970024, -0.08045483380556107, -0.9910903573036194, 0.04786187410354614, -0.065794438123703, -3.137359380722046, 1594933474366.345]
[-0.01252010278403759, -0.09074687957763672, -0.9925327897071838, 0.045307304710149765, -0.06959421187639236, -3.1397957801818848, 1594933474463.042]
[-0.012252755463123322, -0.09494881331920624, -0.9899030327796936, 0.042672012001276016, -0.0659613311290741, -3.139875650405884, 1594933474470.983]
[-0.011518415063619614, -0.10712162405252457, -0.9940250515937805, 0.041240666061639786, -0.0655331239104271, -3.1422009468078613, 1594933474488.573]
[-0.011132239364087582, -0.11283830553293228, -0.9923081398010254, 0.04035134240984917, -0.06731259822845459, -3.1431403160095215, 1594933474586.205]
[-0.01049672532826662, -0.118406742811203, -0.9929446578025818, 0.04161977767944336, -0.06689528375864029, -3.144547939300537, 1594933474642.822]
[-0.00974139105528593, -0.1234411969780922, -0.9920499920845032, 0.03856554254889488, -0.06858595460653305, -3.1467745304107666, 1594933474701.3281]
[-0.008811162784695625, -0.13055676221847534, -0.9891480207443237, 0.03669581189751625, -0.0708959698677063, -3.146929979324341, 1594933474792.5898]
[-0.008898246102035046, -0.1371285617351532, -0.986933171749115, 0.03220657259225845, -0.06610456109046936, -3.144500970840454, 1594933474886.012]
[-0.009035507217049599, -0.141249880194664, -0.9839966297149658, 0.03565474599599838, -0.06850294023752213, -3.1438796520233154, 1594933474996.24]
[-0.008498822338879108, -0.14765796065330505, -0.9790563583374023, 0.028560766950249672, -0.06730996817350388, -3.1455631256103516, 1594933475042.742]
[-0.008424850180745125, -0.14963720738887787, -0.979704737663269, 0.03071836568415165, -0.06667686998844147, -3.1454837322235107, 1594933475089.297]
[-0.006711618974804878, -0.15582746267318726, -0.9824463129043579, 0.031066378578543663, -0.06697829067707062, -3.1539435386657715, 1594933475191.279]
[-0.007084884215146303, -0.1592194139957428, -0.9818081855773926, 0.02900317870080471, -0.06670790165662766, -3.1538374423980713, 1594933475242.822]
[-0.0070021492429077625, -0.16122400760650635, -0.9817301034927368, 0.026202138513326645, -0.06649580597877502, -3.1543056964874268, 1594933475334.821]
[-0.006069720257073641, -0.16787879168987274, -0.9782330989837646, 0.027245888486504555, -0.06633703410625458, -3.1602725982666016, 1594933475393.403]
[-0.005624125245958567, -0.17296089231967926, -0.9767975211143494, 0.02603139355778694, -0.07054894417524338, -3.164720058441162, 1594933475440.737]
[-0.006118947174400091, -0.18007883429527283, -0.9719613790512085, 0.022582370787858963, -0.06510892510414124, -3.1683943271636963, 1594933475564.7458]
[-0.006435171235352755, -0.18217724561691284, -0.9707765579223633, 0.023393146693706512, -0.06879604607820511, -3.1717443466186523, 1594933475632.752]
[-0.007668603677302599, -0.1893187016248703, -0.9698346257209778, 0.017884040251374245, -0.06460154801607132, -3.173469066619873, 1594933475700.671]
[-0.008819442242383957, -0.19388744235038757, -0.9682980179786682, 0.015385353937745094, -0.06648450344800949, -3.1743123531341553, 1594933475836.771]
[-0.009441508911550045, -0.1983872801065445, -0.9660777449607849, 0.013471717946231365, -0.06566744297742844, -3.174124002456665, 1594933475844.3142]
[-0.010303575545549393, -0.20247279107570648, -0.9668622612953186, 0.009449431672692299, -0.06576628983020782, -3.174065113067627, 1594933475905.601]
[-0.01088765636086464, -0.20423845946788788, -0.9673223495483398, 0.01194857619702816, -0.06272324174642563, -3.1735622882843018, 1594933475972.784]
[-0.012720508500933647, -0.20808617770671844, -0.9691821932792664, 0.009843744337558746, -0.05930909514427185, -3.1699471473693848, 1594933476039.654]
[-0.014604193158447742, -0.21179701387882233, -0.9690889120101929, 0.006373760290443897, -0.062455564737319946, -3.165571451187134, 1594933476107.549]
[-0.01672240160405636, -0.21693548560142517, -0.9669151902198792, 0.007253588642925024, -0.06218300014734268, -3.16359281539917, 1594933476241.5881]
[-0.017400382086634636, -0.2209412008523941, -0.9683340191841125, 0.0013762536691501737, -0.05989665538072586, -3.1639506816864014, 1594933476312.573]
[-0.018245365470647812, -0.2238248735666275, -0.9674820303916931, -0.0014818337513133883, -0.06232500448822975, -3.1650891304016113, 1594933476378.602]
[-0.01842239685356617, -0.22730004787445068, -0.9657421112060547, 0.002677801763638854, -0.06740962713956833, -3.1662240028381348, 1594933476446.5781]
[-0.01896253414452076, -0.22882352769374847, -0.9675484299659729, -0.0030594586860388517, -0.061858102679252625, -3.166374444961548, 1594933476513.531]
[-0.01934635080397129, -0.23040299117565155, -0.9656368494033813, -0.004368723835796118, -0.0640764832496643, -3.164919376373291, 1594933476581.552]
[-0.019828280434012413, -0.23117239773273468, -0.9658336639404297, -0.0016259142430499196, -0.06301744282245636, -3.163607597351074, 1594933476715.487]
[-0.02015656605362892, -0.2323087751865387, -0.9671674370765686, -0.0023077477235347033, -0.05896588787436485, -3.1636924743652344, 1594933476792.502]
[-0.019598443061113358, -0.23333652317523956, -0.9708550572395325, -0.003978980239480734, -0.06100814789533615, -3.1631832122802734, 1594933476852.3928]
[-0.018855659291148186, -0.23365409672260284, -0.9696961641311646, -0.004396482370793819, -0.05965517461299896, -3.164513111114502, 1594933476860.209]
[-0.018595723435282707, -0.233915776014328, -0.9696012735366821, -0.003897810587659478, -0.06506238132715225, -3.1651124954223633, 1594933476918.339]
[-0.018744023516774178, -0.2340141385793686, -0.969205915927887, -0.0038819187320768833, -0.06244819983839989, -3.1621265411376953, 1594933476987.457]
[-0.019214408472180367, -0.23544903099536896, -0.9717087149620056, -0.007590441964566708, -0.05899611860513687, -3.1615991592407227, 1594933477053.302]
[-0.019021201878786087, -0.2366858720779419, -0.971074104309082, -0.005655643995851278, -0.06366340070962906, -3.164114236831665, 1594933477129.5828]
[-0.019040647894144058, -0.2373255491256714, -0.9716050028800964, -0.008840787224471569, -0.06078753620386124, -3.164780855178833, 1594933477191.405]
[-0.019026605412364006, -0.23787645995616913, -0.9694792032241821, -0.007310518063604832, -0.06416843086481094, -3.1650617122650146, 1594933477198.9219]
[-0.020059602335095406, -0.23784814774990082, -0.971045970916748, -0.008281424641609192, -0.06218689680099487, -3.163085699081421, 1594933477257.52]
[-0.022119268774986267, -0.23505379259586334, -0.9709424376487732, -0.008054006844758987, -0.059708915650844574, -3.158916711807251, 1594933477345.692]
[-0.022483346983790398, -0.23331016302108765, -0.9723264575004578, -0.008680092170834541, -0.0630187839269638, -3.159057378768921, 1594933477473.182]
[-0.022294973954558372, -0.2317090928554535, -0.9754413962364197, -0.009228220209479332, -0.061570536345243454, -3.1597208976745605, 1594933477541.486]
[-0.021677933633327484, -0.23029311001300812, -0.9782564640045166, -0.008249512873589993, -0.06237092241644859, -3.1613411903381348, 1594933477548.945]
[-0.021012624725699425, -0.2281782478094101, -0.9791296124458313, -0.008294396102428436, -0.06531552225351334, -3.164954662322998, 1594933477607.409]
[-0.022380191832780838, -0.2214076668024063, -0.9848110675811768, -0.009422200731933117, -0.060803934931755066, -3.163583993911743, 1594933477751.53]
[-0.02324618026614189, -0.2095431536436081, -0.9862380623817444, -0.004768712446093559, -0.059867002069950104, -3.1632134914398193, 1594933477947.364]
[-0.024418510496616364, -0.2046259492635727, -0.9879882335662842, -0.0057619791477918625, -0.06114652380347252, -3.1621968746185303, 1594933477954.8262]
[-0.025622475892305374, -0.19927574694156647, -0.9878830313682556, -0.004927821457386017, -0.061484262347221375, -3.1611697673797607, 1594933478081.052]
[-0.028168004006147385, -0.1887662410736084, -0.9885213971138, 0.00391909247264266, -0.0625171959400177, -3.1564178466796875, 1594933478217.152]
[-0.029424484819173813, -0.18319109082221985, -0.9904778599739075, -0.0024521343875676394, -0.06058112531900406, -3.154674530029297, 1594933478225.365]
[-0.02980944886803627, -0.18047036230564117, -0.9924367070198059, 0.002223073970526457, -0.06358779221773148, -3.1534719467163086, 1594933478284.041]
[-0.03004789724946022, -0.177357017993927, -0.9935073852539062, -7.869023829698563e-05, -0.05995723605155945, -3.152068614959717, 1594933478421.978]
[-0.030641067773103714, -0.17132262885570526, -0.9951472878456116, 0.00034380258875899017, -0.06200164183974266, -3.15181827545166, 1594933478429.686]
[-0.03180233761668205, -0.16152426600456238, -1.000613808631897, 0.0005581246805377305, -0.05916320160031319, -3.148575782775879, 1594933478488.949]
[-0.032180845737457275, -0.15443317592144012, -1.0014697313308716, 0.0016578027280047536, -0.06041683256626129, -3.144876718521118, 1594933478621.8928]
[-0.03201310336589813, -0.15122848749160767, -1.0026262998580933, 0.002924306085333228, -0.062250781804323196, -3.1457014083862305, 1594933478690.9521]
[-0.03104018047451973, -0.14490757882595062, -1.0064152479171753, 0.002857051556929946, -0.05936139449477196, -3.149510622024536, 1594933478698.931]
[-0.030157435685396194, -0.13435156643390656, -1.0114995241165161, 0.005489461589604616, -0.05959341675043106, -3.150320053100586, 1594933478757.978]
[-0.03037780523300171, -0.13017728924751282, -1.0136083364486694, 0.005239850841462612, -0.05996442586183548, -3.1500210762023926, 1594933478835.227]
[-0.030859479680657387, -0.12138070911169052, -1.0156586170196533, 0.00735105574131012, -0.0591835081577301, -3.1502106189727783, 1594933478894.8518]
[-0.03161150962114334, -0.10860340297222137, -1.0271167755126953, 0.017867866903543472, -0.052293844521045685, -3.145726203918457, 1594933478963.254]
[-0.031422458589076996, -0.10485760867595673, -1.0137581825256348, 0.011205212213099003, -0.05969598516821861, -3.1469762325286865, 1594933479028.9111]
[-0.03148343786597252, -0.09197796881198883, -1.0159705877304077, 0.012015528045594692, -0.05870489776134491, -3.1421008110046387, 1594933479102.7341]
[-0.030825942754745483, -0.07875452935695648, -1.0179203748703003, 0.01534853782504797, -0.05756106972694397, -3.1370387077331543, 1594933479173.2432]
[-0.029208092018961906, -0.06584560126066208, -1.0204687118530273, 0.012311803176999092, -0.055880311876535416, -3.1329126358032227, 1594933479301.1848]
[-0.028482692316174507, -0.057084113359451294, -1.0214632749557495, 0.015044056810438633, -0.05434183403849602, -3.1302266120910645, 1594933479435.779]
[-0.028228135779500008, -0.05265262722969055, -1.0227349996566772, 0.01885560154914856, -0.06099441275000572, -3.1291632652282715, 1594933479507.652]
[-0.02637246623635292, -0.031482353806495667, -1.025355339050293, 0.017333433032035828, -0.0582185834646225, -3.127362012863159, 1594933479644.619]
[-0.02607440948486328, -0.027429010719060898, -1.0259051322937012, 0.0225189458578825, -0.05760674923658371, -3.1276936531066895, 1594933479712.6318]
[-0.025509454309940338, -0.019297244027256966, -1.0264660120010376, 0.01967998594045639, -0.05334596708416939, -3.1277596950531006, 1594933479789.7898]
[-0.02530006505548954, -0.015348130837082863, -1.0264906883239746, 0.021107016131281853, -0.05698026344180107, -3.1304311752319336, 1594933479851.5972]
[-0.025307070463895798, -0.011364501900970936, -1.0268234014511108, 0.020444409921765327, -0.05564812570810318, -3.1291143894195557, 1594933479920.685]
[-0.026063811033964157, 0.004006188362836838, -1.0259937047958374, 0.020909829065203667, -0.0586322620511055, -3.131166934967041, 1594933479939.418]
[-0.026337582617998123, 0.00788754504173994, -1.0258041620254517, 0.02260742336511612, -0.059064727276563644, -3.1313652992248535, 1594933479989.8281]
[-0.026850346475839615, 0.015719829127192497, -1.0266526937484741, 0.020245373249053955, -0.056898798793554306, -3.1329469680786133, 1594933480057.6702]
[-0.027475077658891678, 0.03253790736198425, -1.027351975440979, 0.02567594312131405, -0.05625695735216141, -3.133380651473999, 1594933480065.583]
[-0.027662670239806175, 0.04622070863842964, -1.028084635734558, 0.02143905684351921, -0.052970949560403824, -3.1284847259521484, 1594933480259.959]
[-0.02715177834033966, 0.055270254611968994, -1.027122139930725, 0.023800408467650414, -0.056721240282058716, -3.126051664352417, 1594933480328.454]
[-0.025343310087919235, 0.06925960630178452, -1.0252528190612793, 0.027068279683589935, -0.05667069926857948, -3.1202454566955566, 1594933480405.9119]
[-0.02469385787844658, 0.07419899106025696, -1.0257127285003662, 0.02737690694630146, -0.05487050861120224, -3.118708610534668, 1594933480464.4512]
[-0.021901633590459824, 0.0888047143816948, -1.0241285562515259, 0.02530985325574875, -0.05581125244498253, -3.109565258026123, 1594933480533.396]
[-0.01980024203658104, 0.10372122377157211, -1.0250296592712402, 0.027885038405656815, -0.05575387924909592, -3.105440139770508, 1594933480667.352]
[-0.018712682649493217, 0.11319472640752792, -1.0235038995742798, 0.02837591990828514, -0.05551941320300102, -3.1029419898986816, 1594933480738.378]
[-0.017091887071728706, 0.12783648073673248, -1.0225214958190918, 0.030850179493427277, -0.0565631240606308, -3.097903251647949, 1594933480805.36]
[-0.016403891146183014, 0.13248851895332336, -1.023146390914917, 0.029761187732219696, -0.05805059149861336, -3.0951077938079834, 1594933480873.802]
[-0.014780608005821705, 0.14129561185836792, -1.0216032266616821, 0.02761952206492424, -0.05838672071695328, -3.097625732421875, 1594933480942.332]
[-0.011052609421312809, 0.15446269512176514, -1.0209990739822388, 0.029820168390870094, -0.05881798267364502, -3.092496156692505, 1594933480949.9978]
[-0.009789387695491314, 0.15877582132816315, -1.0219824314117432, 0.029830235987901688, -0.06193534657359123, -3.090742826461792, 1594933481010.303]
[-0.008009591139853, 0.16631154716014862, -1.0224323272705078, 0.029165050014853477, -0.05904936417937279, -3.0902791023254395, 1594933481078.687]
[-0.007174437399953604, 0.1698385775089264, -1.0225696563720703, 0.02921896055340767, -0.06091691553592682, -3.0925722122192383, 1594933481159.2878]
[-0.0053466493263840675, 0.17666029930114746, -1.023339867591858, 0.03137955814599991, -0.05831211432814598, -3.088880777359009, 1594933481233.767]
[-0.0029427113477140665, 0.18545038998126984, -1.023685097694397, 0.02917514741420746, -0.06441802531480789, -3.0888190269470215, 1594933481296.242]
[-0.0023133682552725077, 0.1878027766942978, -1.021997332572937, 0.03230861946940422, -0.06495637446641922, -3.0891547203063965, 1594933481303.906]
[-0.0016886672237887979, 0.19038794934749603, -1.021426796913147, 0.030085867270827293, -0.06413116306066513, -3.0900471210479736, 1594933481434.248]
[-6.701138045173138e-05, 0.20022527873516083, -1.0202351808547974, 0.03159066662192345, -0.06555730104446411, -3.096388339996338, 1594933481502.666]
[0.0011524066794663668, 0.20411035418510437, -1.0171979665756226, 0.02883293852210045, -0.06828244030475616, -3.09877872467041, 1594933481639.06]
[0.00266854465007782, 0.20753099024295807, -1.0129612684249878, 0.03262194246053696, -0.07083851844072342, -3.101182699203491, 1594933481705.61]
[0.006016885861754417, 0.21327108144760132, -1.0115753412246704, 0.03137746453285217, -0.06785515695810318, -3.0985820293426514, 1594933481783.48]
[0.008465440012514591, 0.2169511616230011, -1.010042667388916, 0.030119439586997032, -0.07021253556013107, -3.093456506729126, 1594933481843.136]
[0.011239604093134403, 0.22313900291919708, -1.0082168579101562, 0.0333394855260849, -0.07069049030542374, -3.085073232650757, 1594933481911.0251]
[0.012390173971652985, 0.23083576560020447, -1.0086042881011963, 0.03492768481373787, -0.06928747892379761, -3.0817110538482666, 1594933481929.108]
[0.012379004620015621, 0.23305942118167877, -1.0074613094329834, 0.032809413969516754, -0.06902316212654114, -3.082094192504883, 1594933481982.9531]
[0.0116288922727108, 0.23744745552539825, -1.0073601007461548, 0.036599237471818924, -0.07041335105895996, -3.0864169597625732, 1594933482027.488]
[0.011026136577129364, 0.2387675940990448, -1.0056824684143066, 0.03738432005047798, -0.0738673135638237, -3.088587999343872, 1594933482075.0862]
[0.008753830567002296, 0.2486371099948883, -1.0144119262695312, 0.03858213126659393, -0.06579503417015076, -3.1032602787017822, 1594933482124.062]
[0.00855922605842352, 0.2534772455692291, -1.002185583114624, 0.04919495806097984, -0.07059483230113983, -3.1060233116149902, 1594933482184.189]
[0.00903638731688261, 0.2558133006095886, -1.0031442642211914, 0.05341123417019844, -0.07308940589427948, -3.104570150375366, 1594933482234.142]
[0.009860701858997345, 0.25916868448257446, -1.0031700134277344, 0.05248211696743965, -0.07246553897857666, -3.104217529296875, 1594933482292.804]
[0.011556842364370823, 0.26325857639312744, -1.0047346353530884, 0.051784172654151917, -0.0685141310095787, -3.0976366996765137, 1594933482337.014]
[0.013407309539616108, 0.26840195059776306, -1.0044400691986084, 0.05654815211892128, -0.07047086209058762, -3.0916996002197266, 1594933482444.268]
[0.014301960356533527, 0.27142322063446045, -1.0036932229995728, 0.05254063010215759, -0.06860111653804779, -3.091075897216797, 1594933482486.0078]
[0.015502382069826126, 0.2745877802371979, -1.0025522708892822, 0.052726708352565765, -0.06994567066431046, -3.0872371196746826, 1594933482588.9941]
[0.016824999824166298, 0.27807408571243286, -1.0022417306900024, 0.05273311957716942, -0.0731668546795845, -3.0856807231903076, 1594933482945.113]
[0.0176190584897995, 0.2800886631011963, -1.0026181936264038, 0.057805173099040985, -0.07402797788381577, -3.081568717956543, 1594933482957.546]
[0.01849200576543808, 0.2829419672489166, -1.0011218786239624, 0.05478401854634285, -0.06938879936933517, -3.0817394256591797, 1594933482959.816]
[0.01898891106247902, 0.2838749885559082, -0.9999141693115234, 0.056218747049570084, -0.06822574138641357, -3.0795648097991943, 1594933482962.001]
[0.019799120724201202, 0.28626349568367004, -1.0011714696884155, 0.05578842759132385, -0.06753604114055634, -3.0769941806793213, 1594933482964.206]
[0.019984157755970955, 0.2871541976928711, -1.0013502836227417, 0.057626064866781235, -0.07244222611188889, -3.0731639862060547, 1594933482966.31]
[0.019803766161203384, 0.288235068321228, -1.001529335975647, 0.05659385770559311, -0.06863927096128464, -3.073418140411377, 1594933483012.867]
[0.01909448578953743, 0.2891467213630676, -1.0020170211791992, 0.057465821504592896, -0.06756797432899475, -3.0740156173706055, 1594933483080.2358]
[0.018404992297291756, 0.2900938093662262, -1.00388765335083, 0.06250707060098648, -0.07193177938461304, -3.0754010677337646, 1594933483281.873]
[0.018192844465374947, 0.29043298959732056, -1.0030741691589355, 0.06018839403986931, -0.07252012193202972, -3.074981212615967, 1594933483348.6099]
[0.018188685178756714, 0.29173463582992554, -1.0043227672576904, 0.0620548315346241, -0.0731550008058548, -3.0739879608154297, 1594933483421.653]
[0.01797446608543396, 0.29270774126052856, -1.0040779113769531, 0.061444852501153946, -0.07344073802232742, -3.072300672531128, 1594933483429.405]
[0.017963014543056488, 0.29331037402153015, -1.004012107849121, 0.06136178597807884, -0.07339221239089966, -3.0720064640045166, 1594933483489.627]
[0.017612643539905548, 0.29486045241355896, -1.0052292346954346, 0.06137334555387497, -0.07245370000600815, -3.0717997550964355, 1594933483556.7678]
[0.017259685322642326, 0.295289009809494, -1.0034502744674683, 0.06301860511302948, -0.07206161320209503, -3.0693862438201904, 1594933483565.255]
[0.01670147478580475, 0.2961147427558899, -1.0042353868484497, 0.06286635994911194, -0.07435904443264008, -3.07193660736084, 1594933483574.343]
[0.016561370342969894, 0.2967442274093628, -1.0049177408218384, 0.061900150030851364, -0.0737658366560936, -3.0708301067352295, 1594933483766.611]
[0.01636688970029354, 0.2975994944572449, -1.0069643259048462, 0.062109075486660004, -0.07541158050298691, -3.069808006286621, 1594933483828.633]
[0.015343766659498215, 0.29767146706581116, -1.0074257850646973, 0.06406290084123611, -0.07600776106119156, -3.071183919906616, 1594933483894.6582]
[0.011960688047111034, 0.29613518714904785, -1.0062427520751953, 0.06636033207178116, -0.07852810621261597, -3.0799636840820312, 1594933484233.5242]
[0.012543474324047565, 0.29601943492889404, -1.0069533586502075, 0.06454361230134964, -0.07815628498792648, -3.08121395111084, 1594933484301.476]
[0.014925518073141575, 0.29616057872772217, -1.0077091455459595, 0.06490694731473923, -0.08029557019472122, -3.0749738216400146, 1594933484368.583]
[0.0155987199395895, 0.2962728440761566, -1.0083009004592896, 0.06297115236520767, -0.08036953210830688, -3.0749590396881104, 1594933484436.388]
[0.016742825508117676, 0.2958180010318756, -1.0076824426651, 0.06631316989660263, -0.08140570670366287, -3.072734832763672, 1594933484571.4368]
[0.017803769558668137, 0.2962489426136017, -1.009541392326355, 0.06787099689245224, -0.08086788654327393, -3.0690598487854004, 1594933484706.417]
[0.0185103677213192, 0.2959079146385193, -1.0088084936141968, 0.06305615603923798, -0.0806448832154274, -3.0679869651794434, 1594933484774.4082]
[0.019237076863646507, 0.29615136981010437, -1.0088192224502563, 0.06623909622430801, -0.07784374803304672, -3.0640289783477783, 1594933484838.695]
[0.019572347402572632, 0.2961125075817108, -1.0083930492401123, 0.06874608993530273, -0.08250753581523895, -3.061220407485962, 1594933484913.678]
[0.020546484738588333, 0.2964087128639221, -1.00690495967865, 0.06379029154777527, -0.08576812595129013, -3.057102680206299, 1594933485047.292]
[0.02151399664580822, 0.2967207431793213, -1.0071532726287842, 0.06536722928285599, -0.0812595784664154, -3.057046890258789, 1594933485055.407]
[0.021934788674116135, 0.29608848690986633, -1.0056246519088745, 0.06567811220884323, -0.08665234595537186, -3.0556280612945557, 1594933485126.506]
[0.021955592557787895, 0.29588377475738525, -1.0055667161941528, 0.068421870470047, -0.08642292767763138, -3.056408166885376, 1594933485188.3582]
[0.021906474605202675, 0.29559916257858276, -1.0055495500564575, 0.06457214802503586, -0.08363322168588638, -3.054957628250122, 1594933485254.065]
[0.020994143560528755, 0.29406192898750305, -1.007671594619751, 0.06864044815301895, -0.0845724493265152, -3.0547945499420166, 1594933485263.0989]
[0.02113000862300396, 0.29284459352493286, -1.0085859298706055, 0.0678233653306961, -0.08502393215894699, -3.052076816558838, 1594933485324.1729]
[0.020851051434874535, 0.2906959056854248, -1.0085402727127075, 0.06680840253829956, -0.08822564780712128, -3.0499424934387207, 1594933485342.818]
[0.02030503936111927, 0.2872696816921234, -1.0091520547866821, 0.06934095919132233, -0.0874449759721756, -3.052623987197876, 1594933485395.566]
[0.020388564094901085, 0.2864355742931366, -1.0100255012512207, 0.06904438138008118, -0.085495226085186, -3.051931381225586, 1594933485466.23]
